-4.984678980268048	0.999997992290637		0.01
-4.969357960536097	0.9999959630918132		0.02
-4.954036940804146	0.9999939670776801		0.03
-4.938715921072194	0.9999920588317374		0.04
-4.923394901340242	0.9999902927615942		0.05
-4.908073881608291	0.9999887230136907		0.06
-4.89275286187634	0.9999874033889617		0.07000000000000001
-4.877431842144388	0.999986387259568		0.08
-4.862110822412436	0.9999857274870534		0.09
-4.846789802680485	0.9999854763420654		0.1
-4.831468782948534	0.9999856854259739		0.11
-4.816147763216582	0.9999864055945692		0.12
-4.80082674348463	0.9999876868840656		0.13
-4.785505723752679	0.9999895784396294		0.14
-4.770184704020727	0.999992128446662		0.15
-4.754863684288776	0.9999953840649712		0.16
-4.739542664556824	0.9999993913660793		0.17
-4.724221644824873	1.000004195273779		0.18
-4.708900625092922	1.000009839508153		0.19
-4.69357960536097	1.000016366533137		0.2
-4.678258585629018	1.000023817507812		0.21
-4.662937565897067	1.000032232241504		0.22
-4.647616546165116	1.000041649152816		0.23
-4.632295526433164	1.000052105232667		0.24
-4.616974506701212	1.000063636011412		0.25
-4.601653486969261	1.000076275530082		0.26
-4.58633246723731	1.000090056315853		0.27
-4.571011447505358	1.000105009361653		0.28
-4.555690427773406	1.000121164110027		0.29
-4.540369408041455	1.000138548441218		0.3
-4.525048388309504	1.000157188665399		0.31
-4.509727368577552	1.000177109519102		0.32
-4.4944063488456	1.000198334165715		0.33
-4.479085329113649	1.000220884200078		0.34
-4.463764309381697	1.000244779656974		0.35
-4.448443289649746	1.00027003902356		0.36
-4.433122269917794	1.00029667925552		0.37
-4.417801250185843	1.000324715796916		0.38
-4.402480230453892	1.000354162603541		0.39
-4.38715921072194	1.000385032169675		0.4
-4.371838190989988	1.000417335558056		0.41
-4.356517171258037	1.000451082432988		0.42
-4.341196151526086	1.000486281096312		0.43
-4.325875131794134	1.000522938526123		0.44
-4.310554112062182	1.000561060418073		0.45
-4.295233092330231	1.000600651229017		0.46
-4.27991207259828	1.000641714222816		0.47
-4.264591052866328	1.000684251518144		0.48
-4.249270033134376	1.000728264138027		0.49
-4.233949013402425	1.00077375206097		0.5
-4.218627993670474	1.000820714273405		0.51
-4.203306973938522	1.00086914882328		0.52
-4.18798595420657	1.00091905287461		0.53
-4.172664934474619	1.000970422762682		0.54
-4.157343914742668	1.001023254049818		0.55
-4.142022895010716	1.001077541581402		0.5600000000000001
-4.126701875278764	1.001133279542016		0.5700000000000001
-4.111380855546813	1.00119046151146		0.58
-4.096059835814862	1.001249080520472		0.59
-4.08073881608291	1.001309129105936		0.6
-4.065417796350959	1.001370599365429		0.61
-4.050096776619007	1.001433483010888		0.62
-4.034775756887056	1.001497771421251		0.63
-4.019454737155104	1.001563455693905		0.64
-4.004133717423152	1.001630526694756		0.65
-3.988812697691201	1.001698975106829		0.66
-3.97349167795925	1.001768791477215		0.67
-3.958170658227298	1.001839966262252		0.68
-3.942849638495346	1.00191248987081		0.6900000000000001
-3.927528618763395	1.001986352705603		0.7000000000000001
-3.912207599031444	1.002061545202394		0.71
-3.896886579299492	1.002138057867048		0.72
-3.88156555956754	1.002215881310296		0.73
-3.866244539835589	1.002295006280212		0.74
-3.850923520103638	1.002375423692316		0.75
-3.835602500371686	1.002457124657259		0.76
-3.820281480639734	1.002540100506075		0.77
-3.804960460907783	1.00262434281295		0.78
-3.789639441175832	1.002709843415553		0.79
-3.77431842144388	1.00279659443288		0.8
-3.758997401711928	1.002884588280622		0.8100000000000001
-3.743676381979977	1.002973817684137		0.8200000000000001
-3.728355362248026	1.003064275689002		0.8300000000000001
-3.713034342516074	1.003155955669188		0.84
-3.697713322784122	1.003248851332943		0.85
-3.682392303052171	1.003342956726425		0.86
-3.66707128332022	1.003438266235154		0.87
-3.651750263588268	1.00353477458332		0.88
-3.636429243856316	1.003632476831125		0.89
-3.621108224124365	1.003731368370139		0.9
-3.605787204392414	1.003831444916832		0.91
-3.590466184660462	1.003932702504385		0.92
-3.57514516492851	1.004035137472818		0.93
-3.559824145196559	1.004138746457655		0.9400000000000001
-3.544503125464608	1.004243526377136		0.9500000000000001
-3.529182105732656	1.004349474418149		0.96
-3.513861086000704	1.004456588021004		0.97
-3.498540066268753	1.004564864863132		0.98
-3.483219046536802	1.004674302841901		0.99
-3.46789802680485	1.004784900056569		1
-3.452577007072898	1.00489665478962		1.01
-3.437255987340947	1.005009565487505		1.02
-3.421934967608996	1.005123630740969		1.03
-3.406613947877044	1.005238849265078		1.04
-3.391292928145092	1.005355219879019		1.05
-3.375971908413141	1.005472741485872		1.06
-3.36065088868119	1.005591413052392		1.07
-3.345329868949238	1.005711233588942		1.08
-3.330008849217286	1.005832202129692		1.09
-3.314687829485335	1.005954317713171		1.1
-3.299366809753384	1.006077579363267		1.11
-3.284045790021432	1.006201986070773		1.12
-3.26872477028948	1.006327536775565		1.13
-3.253403750557529	1.0064542303495		1.14
-3.238082730825578	1.006582065580064		1.15
-3.222761711093626	1.006711041154921		1.16
-3.207440691361675	1.006841155647346		1.17
-3.192119671629723	1.006972407502611		1.18
-3.176798651897772	1.007104795025432		1.19
-3.16147763216582	1.007238316368433		1.2
-3.146156612433868	1.007372969521735		1.21
-3.130835592701917	1.007508752303612		1.22
-3.115514572969965	1.007645662352371		1.23
-3.100193553238014	1.007783697119299		1.24
-3.084872533506063	1.007922853862831		1.25
-3.069551513774111	1.008063129643856		1.26
-3.05423049404216	1.00820452132218		1.27
-3.038909474310208	1.00834702555416		1.28
-3.023588454578257	1.008490638791433		1.29
-3.008267434846305	1.008635357280754		1.3
-2.992946415114353	1.008781177064947		1.31
-2.977625395382402	1.008928093984844		1.32
-2.96230437565045	1.009076103682266		1.33
-2.946983355918499	1.009225201603952		1.34
-2.931662336186548	1.009375383006399		1.35
-2.916341316454596	1.009526642961553		1.36
-2.901020296722645	1.009678976363344		1.37
-2.885699276990693	1.009832377934922		1.38
-2.870378257258742	1.009986842236645		1.39
-2.85505723752679	1.010142363674627		1.4
-2.839736217794838	1.010298936509929		1.41
-2.824415198062887	1.010456554868177		1.42
-2.809094178330936	1.010615212749664		1.43
-2.793773158598984	1.010774904039785		1.44
-2.778452138867033	1.010935622519756		1.45
-2.763131119135081	1.011097361877589		1.46
-2.74781009940313	1.011260115719185		1.47
-2.732489079671178	1.011423877579519		1.48
-2.717168059939226	1.01158864093388		1.49
-2.701847040207275	1.011754399209019		1.5
-2.686526020475323	1.01192114579423		1.51
-2.671205000743372	1.012088874052236		1.52
-2.655883981011421	1.012257577329888		1.53
-2.640562961279469	1.012427248968543		1.54
-2.625241941547518	1.012597882314149		1.55
-2.609920921815566	1.012769470726924		1.56
-2.594599902083615	1.01294200759063		1.57
-2.579278882351663	1.013115486321361		1.58
-2.563957862619711	1.013289900375848		1.59
-2.54863684288776	1.013465243259192		1.6
-2.533315823155808	1.013641508532063		1.61
-2.517994803423857	1.01381868981726		1.62
-2.502673783691906	1.01399678080568		1.63
-2.487352763959954	1.0141757752616		1.64
-2.472031744228003	1.014355667027353		1.65
-2.456710724496051	1.014536450027268		1.66
-2.4413897047641	1.014718118271		1.67
-2.426068685032148	1.014900665856122		1.68
-2.410747665300196	1.01508408697008		1.69
-2.395426645568245	1.015268375891455		1.7
-2.380105625836293	1.015453526990575		1.71
-2.364784606104342	1.015639534729465		1.72
-2.349463586372391	1.015826393661166		1.73
-2.334142566640439	1.016014098428458		1.74
-2.318821546908488	1.016202643761956		1.75
-2.303500527176536	1.016392024477682		1.76
-2.288179507444585	1.016582235474073		1.77
-2.272858487712633	1.016773271728486		1.78
-2.257537467980681	1.016965128293254		1.79
-2.24221644824873	1.017157800291274		1.8
-2.226895428516779	1.01735128291121		1.81
-2.211574408784827	1.017545571402362		1.82
-2.196253389052876	1.017740661069161		1.83
-2.180932369320924	1.017936547265438		1.84
-2.165611349588973	1.018133225388431		1.85
-2.150290329857021	1.018330690872594		1.86
-2.13496931012507	1.018528939183292		1.87
-2.119648290393118	1.018727965810326		1.88
-2.104327270661166	1.018927766261466		1.89
-2.089006250929215	1.019128336055905		1.9
-2.073685231197264	1.019329670717755		1.91
-2.058364211465312	1.019531765769599		1.92
-2.043043191733361	1.019734616726156		1.93
-2.027722172001409	1.019938219088051		1.94
-2.012401152269458	1.020142568335781		1.95
-1.997080132537507	1.020347659923895		1.96
-1.981759112805556	1.020553489275393		1.97
-1.966438093073604	1.0207600517764		1.98
-1.951117073341653	1.020967342771159		1.99
-1.935796053609702	1.021175357557321		2
-1.92047503387775	1.021384091381616		2.01
-1.905154014145799	1.021593539435859		2.02
-1.889832994413848	1.021803696853373		2.03
-1.874511974681897	1.022014558705801		2.04
-1.859190954949945	1.022226120000339		2.05
-1.843869935217994	1.0224383756774		2.06
-1.828548915486043	1.022651320608713		2.07
-1.813227895754091	1.02286494959585		2.08
-1.79790687602214	1.023079257369203		2.09
-1.782585856290189	1.023294238587407		2.1
-1.767264836558238	1.023509887837192		2.11
-1.751943816826286	1.023726199633647		2.12
-1.736622797094335	1.023943168420937		2.13
-1.721301777362384	1.024160788573416		2.14
-1.705980757630433	1.024379054397119		2.15
-1.690659737898481	1.024597960131661		2.16
-1.67533871816653	1.024817499952466		2.17
-1.660017698434579	1.025037667973366		2.18
-1.644696678702627	1.025258458249496		2.19
-1.629375658970676	1.025479864780512		2.2
-1.614054639238725	1.025701881514027		2.21
-1.598733619506774	1.025924502349358		2.22
-1.583412599774823	1.026147721141449		2.23
-1.568091580042871	1.026371531704973		2.24
-1.55277056031092	1.026595927818635		2.25
-1.537449540578969	1.026820903229556		2.26
-1.522128520847017	1.027046451657806		2.27
-1.506807501115066	1.027272566800958		2.28
-1.491486481383115	1.027499242338731		2.29
-1.476165461651163	1.02772647193759		2.3
-1.460844441919212	1.027954249255369		2.31
-1.445523422187261	1.028182567945828		2.32
-1.43020240245531	1.028411421663122		2.33
-1.414881382723358	1.028640804066195		2.34
-1.399560362991407	1.028870708822991		2.35
-1.384239343259456	1.029101129614582		2.36
-1.368918323527505	1.029332060139044		2.37
-1.353597303795553	1.029563494115176		2.38
-1.338276284063602	1.029795425285975		2.39
-1.322955264331651	1.030027847421885		2.4
-1.3076342445997	1.030260754323772		2.41
-1.292313224867748	1.030494139825644		2.42
-1.276992205135797	1.030727997797067		2.43
-1.261671185403846	1.030962322145285		2.44
-1.246350165671894	1.031197106817065		2.45
-1.231029145939943	1.031432345800169		2.46
-1.215708126207992	1.031668033124562		2.47
-1.200387106476041	1.031904162863251		2.48
-1.185066086744089	1.03214072913283		2.49
-1.169745067012138	1.032377726093685		2.5
-1.154424047280187	1.032615147949862		2.51
-1.139103027548235	1.032852988948645		2.52
-1.123782007816284	1.033091243379785		2.53
-1.108460988084333	1.03332990557445		2.54
-1.093139968352382	1.033568969903855		2.55
-1.07781894862043	1.033808430777639		2.56
-1.062497928888479	1.034048282641908		2.57
-1.047176909156528	1.034288519977116		2.58
-1.031855889424576	1.034529137295596		2.59
-1.016534869692625	1.034770129138959		2.6
-1.001213849960674	1.035011490075221		2.61
-0.9858928302287228	1.03525321469579		2.62
-0.9705718104967715	1.035495297612268		2.63
-0.9552507907648202	1.035737733453108		2.64
-0.9399297710328689	1.035980516860141		2.65
-0.9246087513009176	1.036223642485036		2.66
-0.9092877315689663	1.036467104985641		2.67
-0.8939667118370151	1.036710899022307		2.68
-0.8786456921050638	1.036955019254156		2.69
-0.8633246723731125	1.037199460335359		2.7
-0.8480036526411614	1.037444216911418		2.71
-0.8326826329092101	1.037689283615477		2.72
-0.8173616131772588	1.037934655064735		2.73
-0.8020405934453074	1.038180325856889		2.74
-0.7867195737133562	1.038426290566712		2.75
-0.771398553981405	1.038672543742741		2.76
-0.7560775342494537	1.038919079904136		2.77
-0.7407565145175024	1.039165893537632		2.78
-0.7254354947855511	1.039412979094774		2.79
-0.7101144750535999	1.039660330989228		2.8
-0.6947934553216486	1.039907943594403		2.81
-0.6794724355896973	1.040155811241252		2.82
-0.6641514158577461	1.040403928216303		2.83
-0.6488303961257947	1.040652288759931		2.84
-0.6335093763938434	1.04090088706493		2.85
-0.6181883566618922	1.04114971727528		2.86
-0.6028673369299409	1.041398773485213		2.87
-0.5875463171979897	1.041648049738558		2.88
-0.5722252974660383	1.04189754002831		2.89
-0.556904277734087	1.042147238296508		2.9
-0.5415832580021358	1.04239713843435		2.91
-0.5262622382701846	1.042647234282584		2.92
-0.5109412185382333	1.042897519632157		2.93
-0.4956201988062819	1.043147988225104		2.94
-0.4802991790743307	1.043398633755688		2.95
-0.4649781593423793	1.043649449871774		2.96
-0.449657139610428	1.043900430176432		2.97
-0.4343361198784766	1.044151568229747		2.98
-0.4190151001465253	1.044402857550834		2.99
-0.4036940804145739	1.044654291620033		3
-0.3883730606826227	1.044905863881294		3.01
-0.3730520409506713	1.045157567744708		3.02
-0.35773102121872	1.045409396589149		3.03
-0.3424100014867686	1.045661343765104		3.04
-0.3270889817548173	1.045913402597562		3.05
-0.311767962022866	1.046165566388981		3.06
-0.2964469422909147	1.046417828422365		3.07
-0.2811259225589633	1.046670181964356		3.08
-0.265804902827012	1.046922620268375		3.09
-0.2504838830950607	1.047175136577755		3.1
-0.2351628633631094	1.047427724128893		3.11
-0.219841843631158	1.047680376154343		3.12
-0.2045208238992067	1.047933085885899		3.13
-0.1891998041672554	1.048185846557576		3.14
-0.173878784435304	1.048438651408527		3.15
-0.1585577647033527	1.048691493685863		3.16
-0.1432367449714014	1.048944366647354		3.17
-0.1279157252394501	1.049197263563985		3.18
-0.1125947055074987	1.049450177722377		3.19
-0.09727368577554739	1.049703102427032		3.2
-0.08195266604359605	1.049956031002414		3.21
-0.06663164631164473	1.050208956794839		3.22
-0.05131062657969341	1.050461873174148		3.23
-0.03598960684774208	1.050714773535195		3.24
-0.02066858711579076	1.050967651299113		3.25
-0.005347567383839433	1.051220499914318		3.26
0.009973452348111892	1.051473312857342		3.27
0.02529447208006322	1.051726083633367		3.28
0.04061549181201454	1.051978805776569		3.29
0.05593651154396587	1.052231472850193		3.3
0.07125753127591719	1.052484078446383		3.31
0.08657855100786851	1.052736616185785		3.32
0.1018995707398198	1.052989079716905		3.33
0.1172205904717712	1.053241462715206		3.34
0.1325416102037225	1.053493758882012		3.35
0.1478626299356738	1.053745961943148		3.36
0.1631836496676252	1.053998065647378		3.37
0.1785046693995765	1.054250063764618		3.38
0.1938256891315278	1.054501950083946		3.39
0.2091467088634791	1.054753718411412		3.4
0.2244677285954305	1.055005362567688		3.41
0.2397887483273818	1.055256876385497		3.42
0.2551097680593331	1.055508253706901		3.43
0.2704307877912845	1.055759488380478		3.44
0.2857518075232358	1.056010574258287		3.45
0.3010728272551871	1.056261505192761		3.46
0.3163938469871385	1.056512275033508		3.47
0.3317148667190898	1.056762877623969		3.48
0.3470358864510411	1.057013306798034		3.49
0.3623569061829924	1.05726355637614		3.5
0.3776779259149438	1.057513620154886		3.51
0.3929989456468951	1.05776349192164		3.52
0.4083199653788465	1.058013165431158		3.53
0.4236409851107978	1.05826263441482		3.54
0.4389620048427491	1.058511892576512		3.55
0.4542830245747004	1.058760933580596		3.56
0.4696040443066517	1.059009751058763		3.57
0.4849250640386031	1.05925833860187		3.58
0.5002460837705545	1.05950668976461		3.59
0.5155671035025058	1.059754798036774		3.6
0.530888123234457	1.060002656869278		3.61
0.5462091429664083	1.060250259660405		3.62
0.5615301626983595	1.060497599753007		3.63
0.5768511824303109	1.060744670431859		3.64
0.5921722021622621	1.060991464921114		3.65
0.6074932218942134	1.061237976381918		3.66
0.6228142416261646	1.061484197910211		3.67
0.6381352613581159	1.061730122534648		3.68
0.6534562810900671	1.061975743214347		3.69
0.6687773008220185	1.062221052827305		3.7
0.6840983205539697	1.062466044190968		3.71
0.699419340285921	1.062710710047359		3.72
0.7147403600178722	1.062955043063546		3.73
0.7300613797498235	1.063199035838668		3.74
0.7453823994817749	1.063442680872187		3.75
0.7607034192137261	1.063685970603113		3.76
0.7760244389456774	1.06392889739383		3.77
0.7913454586776287	1.06417145353002		3.78
0.8066664784095799	1.06441363122073		3.79
0.8219874981415313	1.064655422598632		3.8
0.8373085178734826	1.064896819720397		3.81
0.8526295376054337	1.065137814567305		3.82
0.867950557337385	1.065378399045955		3.83
0.8832715770693363	1.065618564989126		3.84
0.8985925968012877	1.065858304156819		3.85
0.9139136165332388	1.066097608237372		3.86
0.9292346362651901	1.066336468848742		3.87
0.9445556559971414	1.066574877539892		3.88
0.9598766757290927	1.066812825792247		3.89
0.9751976954610438	1.06705030502129		3.9
0.9905187151929952	1.067287306578236		3.91
1.005839734924947	1.067523821751746		3.92
1.021160754656898	1.06775984176976		3.93
1.036481774388849	1.067995357801347		3.94
1.0518027941208	1.06823036095863		3.95
1.067123813852752	1.068464842298754		3.96
1.082444833584703	1.068698792825855		3.97
1.097765853316654	1.068932203493092		3.98
1.113086873048606	1.069165065204654		3.99
1.128407892780557	1.069397368817851		4
1.143728912512508	1.06962910514508		4.01
1.159049932244459	1.069860264955923		4.02
1.174370951976411	1.070090838979139		4.03
1.189691971708362	1.070320817904646		4.04
1.205012991440313	1.07055019238554		4.05
1.220334011172264	1.070778953040002		4.06
1.235655030904216	1.071007090453211		4.07
1.250976050636167	1.071234595179232		4.08
1.266297070368118	1.071461457742799		4.09
1.28161809010007	1.071687668641106		4.1
1.296939109832021	1.071913218345519		4.11
1.312260129563972	1.072138097303217		4.12
1.327581149295923	1.072362295938802		4.13
1.342902169027875	1.072585804655826		4.14
1.358223188759826	1.072808613839263		4.15
1.373544208491777	1.073030713848893		4.16
1.388865228223728	1.073252095033454		4.17
1.40418624795568	1.073472747724942		4.18
1.419507267687631	1.073692662240081		4.19
1.434828287419582	1.073911828884321		4.2
1.450149307151533	1.074130237951032		4.21
1.465470326883485	1.074347879722499		4.22
1.480791346615436	1.074564744470827		4.23
1.496112366347387	1.074780822458727		4.24
1.511433386079339	1.074996103940269		4.25
1.52675440581129	1.075210579161507		4.26
1.542075425543241	1.075424238361037		4.27
1.557396445275192	1.075637071770489		4.28
1.572717465007144	1.075849069614907		4.29
1.588038484739095	1.076060222113018		4.3
1.603359504471046	1.076270519477491		4.31
1.618680524202997	1.076479951915029		4.32
1.634001543934949	1.076688509626407		4.33
1.6493225636669	1.076896182806399		4.34
1.664643583398851	1.077102961643637		4.350000000000001
1.679964603130803	1.077308836317263		4.36
1.695285622862754	1.077513797002627		4.37
1.710606642594705	1.07771783386814		4.38
1.725927662326656	1.077920937074411		4.39
1.741248682058608	1.078123096773788		4.4
1.756569701790559	1.078324303109628		4.41
1.77189072152251	1.078524546215164		4.42
1.787211741254461	1.078723816214982		4.43
1.802532760986413	1.078922103212839		4.44
1.817853780718364	1.079119397307446		4.45
1.833174800450315	1.079315688582831		4.46
1.848495820182267	1.079510967107863		4.47
1.863816839914218	1.079705222934798		4.48
1.879137859646169	1.079898446097581		4.49
1.894458879378121	1.080090626609675		4.5
1.909779899110072	1.080281754463847		4.51
1.925100918842023	1.080471819629822		4.52
1.940421938573974	1.080660812052357		4.53
1.955742958305926	1.080848721649228		4.54
1.971063978037877	1.081035538309117		4.55
1.986384997769828	1.081221251889478		4.56
2.00170601750178	1.081405852213884		4.57
2.01702703723373	1.081589329096253		4.58
2.032348056965682	1.081771672257468		4.59
2.047669076697633	1.081952871406131		4.600000000000001
2.062990096429585	1.082132916207663		4.61
2.078311116161536	1.082311796281601		4.62
2.093632135893488	1.082489501198853		4.63
2.108953155625439	1.082666020478885		4.64
2.124274175357391	1.082841343586919		4.65
2.139595195089342	1.083015459923115		4.66
2.154916214821294	1.083188358838316		4.67
2.170237234553245	1.083360029617321		4.68
2.185558254285197	1.083530461478901		4.69
2.200879274017148	1.083699643572767		4.7
2.2162002937491	1.083867564976555		4.71
2.231521313481051	1.08403421469277		4.72
2.246842333213003	1.084199581645757		4.73
2.262163352944954	1.084363654678113		4.74
2.277484372676906	1.084526422561302		4.75
2.292805392408857	1.084687873946665		4.76
2.308126412140809	1.08484799741397		4.77
2.32344743187276	1.085006781451441		4.78
2.338768451604712	1.085164214452188		4.79
2.354089471336663	1.085320284711264		4.8
2.369410491068615	1.085474980423068		4.81
2.384731510800566	1.08562828967883		4.82
2.400052530532518	1.085780200464277		4.83
2.415373550264469	1.085930700657361		4.84
2.430694569996421	1.086079778026172		4.850000000000001
2.446015589728372	1.086227420227015		4.86
2.461336609460324	1.086373614802601		4.87
2.476657629192275	1.086518349180503		4.88
2.491978648924227	1.086661610671729		4.89
2.507299668656178	1.086803386469567		4.9
2.52262068838813	1.086943663648585		4.91
2.537941708120081	1.087082429163928		4.92
2.553262727852033	1.087219669850835		4.93
2.568583747583984	1.087355372424391		4.94
2.583904767315936	1.087489523479567		4.95
2.599225787047887	1.087622109489216		4.96
2.614546806779839	1.087753116806699		4.97
2.62986782651179	1.087882531669665		4.98
2.645188846243742	1.088010340198651		4.99
2.660509865975693	1.088136528398655		5
2.675830885707645	1.088261082160885		5.01
2.691151905439596	1.088383987264933		5.02
2.706472925171548	1.088505229381173		5.03
2.721793944903499	1.088624794073526		5.04
2.737114964635451	1.088742666802532		5.05
2.752435984367402	1.088858832928744		5.06
2.767757004099354	1.088973277716403		5.07
2.783078023831305	1.089085986337486		5.08
2.798399043563257	1.089196943875967		5.09
2.813720063295208	1.089306135332498		5.100000000000001
2.82904108302716	1.089413545629248		5.11
2.844362102759111	1.089519159615112		5.12
2.859683122491063	1.089622962071166		5.13
2.875004142223014	1.089724937716358		5.14
2.890325161954966	1.089825071213475		5.15
2.905646181686917	1.089923347175303		5.16
2.920967201418869	1.090019750171026		5.17
2.93628822115082	1.090114264734499		5.18
2.951609240882772	1.090206875362959		5.19
2.966930260614723	1.090297566534364		5.2
2.982251280346675	1.09038632271061		5.21
2.997572300078626	1.090473128344538		5.22
3.012893319810578	1.090557967887129		5.23
3.028214339542529	1.090640825794853		5.24
3.043535359274481	1.090721686534		5.25
3.058856379006432	1.090800534591579		5.26
3.074177398738384	1.09087735448369		5.27
3.089498418470335	1.090952130761528		5.28
3.104819438202287	1.091024848018401		5.29
3.120140457934238	1.091095490896789		5.3
3.13546147766619	1.091164044095307		5.31
3.150782497398141	1.091230492375525		5.32
3.166103517130093	1.091294820568512		5.33
3.181424536862044	1.091357013581262		5.34
3.196745556593996	1.091417056402791		5.350000000000001
3.212066576325947	1.091474934110003		5.36
3.227387596057899	1.091530631873239		5.37
3.24270861578985	1.091584134961513		5.38
3.258029635521802	1.091635428747399		5.39
3.273350655253753	1.091684498711544		5.4
3.288671674985705	1.091731330446799		5.41
3.303992694717656	1.091775909661936		5.42
3.319313714449607	1.091818222184942		5.43
3.334634734181559	1.091858253965878		5.44
3.34995575391351	1.091895991079244		5.45
3.365276773645462	1.091931419725932		5.46
3.380597793377413	1.091964526234645		5.47
3.395918813109365	1.091995297062707		5.48
3.411239832841316	1.092023718795016		5.49
3.426560852573268	1.092049778147612		5.5
3.441881872305219	1.092073461964997		5.51
3.457202892037171	1.092094757219348		5.52
3.472523911769122	1.092113651009024		5.53
3.487844931501074	1.09213013055655		5.54
3.503165951233025	1.092144183206124		5.55
3.518486970964977	1.092155796420692		5.56
3.533807990696928	1.092164957778509		5.57
3.54912901042888	1.092171654969309		5.58
3.564450030160832	1.092175875790034		5.59
3.579771049892783	1.09217760814017		5.600000000000001
3.595092069624734	1.092176840016668		5.61
3.610413089356686	1.092173559508153		5.62
3.625734109088637	1.092167754789555		5.63
3.641055128820589	1.092159414114579		5.64
3.65637614855254	1.092148525812768		5.65
3.671697168284492	1.092135078281149		5.66
3.687018188016443	1.092119059977494		5.67
3.702339207748395	1.09210045942013		5.68
3.717660227480347	1.092079265157178		5.69
3.732981247212298	1.092055465786555		5.7
3.748302266944249	1.092029049938741		5.71
3.763623286676201	1.092000006269584		5.72
3.778944306408152	1.091968323453088		5.73
3.794265326140104	1.091933990174321		5.74
3.809586345872055	1.091896995122418		5.75
3.824907365604007	1.091857326983734		5.76
3.840228385335958	1.091814974435198		5.77
3.85554940506791	1.0917699261379		5.78
3.870870424799862	1.091722170730992		5.79
3.886191444531813	1.091671696825853		5.8
3.901512464263764	1.091618493000637		5.81
3.916833483995716	1.09156254779525		5.82
3.932154503727667	1.091503849706748		5.83
3.947475523459619	1.09144238718515		5.84
3.96279654319157	1.091378148629885		5.850000000000001
3.978117562923522	1.091311122386661		5.86
3.993438582655473	1.09124129674497		5.87
4.008759602387425	1.091168659936182		5.88
4.024080622119376	1.091093200132262		5.89
4.039401641851328	1.091014905445144		5.9
4.05472266158328	1.090933763926788		5.91
4.070043681315231	1.090849763569888		5.92
4.085364701047182	1.09076289230936		5.93
4.100685720779134	1.090673138024468		5.94
4.116006740511085	1.09058048854176		5.95
4.131327760243036	1.090484931638669		5.96
4.146648779974988	1.090386455047907		5.97
4.16196979970694	1.090285046462593		5.98
4.177290819438891	1.090180693542075		5.99
4.192611839170842	1.090073383918549		6
4.207932858902795	1.089963105204356		6.01
4.223253878634745	1.089849845000008		6.02
4.238574898366697	1.089733590902885		6.03
4.253895918098649	1.089614330516636		6.04
4.2692169378306	1.089492051461219		6.05
4.284537957562551	1.089366741383546		6.06
4.299858977294504	1.089238387968763		6.07
4.315179997026455	1.089106978952042		6.08
4.330501016758406	1.088972502130975		6.09
4.345822036490357	1.088834945378395		6.100000000000001
4.36114305622231	1.088694296655649		6.11
4.37646407595426	1.088550544026374		6.12
4.391785095686212	1.088403675670515		6.13
4.407106115418164	1.088253679898757		6.140000000000001
4.422427135150115	1.088100545167191		6.15
4.437748154882066	1.087944260092225		6.16
4.453069174614019	1.087784813465665		6.17
4.46839019434597	1.087622194269918		6.18
4.483711214077921	1.087456391693284		6.19
4.499032233809872	1.087287395145267		6.2
4.514353253541825	1.087115194271836		6.21
4.529674273273775	1.086939778970639		6.22
4.544995293005727	1.086761139406039		6.23
4.560316312737679	1.086579266023995		6.24
4.57563733246963	1.086394149566638		6.25
4.590958352201581	1.086205781086478		6.26
4.606279371933534	1.086014151958732		6.27
4.621600391665485	1.085819253898615		6.28
4.636921411397436	1.085621078972365		6.29
4.652242431129388	1.085419619609952		6.3
4.66756345086134	1.085214868617216		6.31
4.68288447059329	1.085006819187317		6.32
4.698205490325242	1.084795464911663		6.33
4.713526510057194	1.084580799790108		6.34
4.728847529789145	1.084362818240527		6.350000000000001
4.744168549521096	1.084141515107617		6.36
4.759489569253049	1.083916885670977		6.37
4.774810588985	1.08368892565237		6.38
4.790131608716951	1.083457631222249		6.390000000000001
4.805452628448903	1.083222999005403		6.4
4.820773648180855	1.08298502608582		6.41
4.836094667912805	1.082743710010685		6.42
4.851415687644757	1.082499048793572		6.43
4.866736707376709	1.08225104091675		6.44
4.88205772710866	1.081999685332694		6.45
4.897378746840611	1.081744981464695		6.46
4.912699766572564	1.081486929206728		6.47
4.928020786304514	1.08122552892242		6.48
4.943341806036466	1.080960781443312		6.49
4.958662825768418	1.080692688066262		6.5
4.973983845500369	1.080421250550166		6.51
4.958662825768418	1.080147166453673		6.52
4.943341806036466	1.079870411181025		6.53
4.928020786304514	1.079590962203577		6.54
4.912699766572564	1.079308799102049		6.55
4.897378746840611	1.079023903604989		6.56
4.88205772710866	1.078736259623247		6.57
4.866736707376709	1.078445853280457		6.58
4.851415687644757	1.078152672939417		6.59
4.836094667912805	1.077856709224341		6.600000000000001
4.820773648180855	1.077557955038955		6.61
4.805452628448903	1.077256405580356		6.62
4.790131608716951	1.076952058348718		6.63
4.774810588985	1.076644913152756		6.640000000000001
4.759489569253049	1.076334972111029		6.65
4.744168549521096	1.07602223964908		6.66
4.728847529789145	1.075706722492464		6.67
4.713526510057194	1.075388429655737		6.68
4.698205490325242	1.075067372427458		6.69
4.68288447059329	1.074743564351287		6.7
4.66756345086134	1.074417021203248		6.71
4.652242431129388	1.07408776096537		6.72
4.636921411397436	1.073755803795658		6.73
4.621600391665485	1.07342117199463		6.74
4.606279371933534	1.073083889968592		6.75
4.590958352201581	1.072743984189617		6.76
4.57563733246963	1.072401483152639		6.77
4.560316312737679	1.072056417329567		6.78
4.544995293005727	1.071708819120795		6.79
4.529674273273775	1.071358722804143		6.8
4.514353253541825	1.071006164481499		6.81
4.499032233809872	1.07065118202328		6.82
4.483711214077921	1.07029381501099		6.83
4.46839019434597	1.069934104677948		6.84
4.453069174614019	1.069572093848523		6.850000000000001
4.437748154882066	1.069207826875937		6.86
4.422427135150115	1.068841349578952		6.87
4.407106115418164	1.068472709177568		6.88
4.391785095686212	1.068101954227962		6.890000000000001
4.37646407595426	1.067729134556856		6.9
4.36114305622231	1.067354301195529		6.91
4.345822036490357	1.066977506313636		6.92
4.330501016758406	1.066598803153046		6.93
4.315179997026455	1.066218245961883		6.94
4.299858977294504	1.065835889928975		6.95
4.284537957562551	1.065451791118788		6.96
4.2692169378306	1.06506600640719		6.97
4.253895918098649	1.064678593418008		6.98
4.238574898366697	1.064289610460712		6.99
4.223253878634745	1.063899116469225		7
4.207932858902795	1.063507170942139		7.01
4.192611839170842	1.063113833884325		7.02
4.177290819438891	1.062719165750198		7.03
4.16196979970694	1.06232322738864		7.04
4.146648779974988	1.061926079989746		7.05
4.131327760243036	1.061527785033468		7.06
4.116006740511085	1.061128404240247		7.07
4.100685720779134	1.060727999523697		7.08
4.085364701047182	1.0603266329454		7.09
4.07004368131523	1.059924366671892		7.100000000000001
4.05472266158328	1.05952126293385		7.11
4.039401641851327	1.059117383987526		7.12
4.024080622119376	1.058712792078474		7.13
4.008759602387425	1.05830754940751		7.140000000000001
3.993438582655473	1.057901718098998		7.15
3.978117562923521	1.057495360171386		7.16
3.96279654319157	1.057088537510013		7.17
3.947475523459619	1.056681311842134		7.18
3.932154503727667	1.056273744714136		7.19
3.916833483995716	1.055865897470932		7.2
3.901512464263764	1.055457831237424		7.21
3.886191444531812	1.055049606902004		7.22
3.870870424799862	1.054641285102055		7.23
3.855549405067909	1.05423292621134		7.24
3.840228385335958	1.053824590329162		7.25
3.824907365604007	1.053416337271366		7.26
3.809586345872055	1.053008226562832		7.27
3.794265326140104	1.052600317431653		7.28
3.778944306408152	1.052192668804676		7.29
3.7636232866762	1.051785339304404		7.3
3.748302266944249	1.05137838724715		7.31
3.732981247212297	1.050971870642281		7.32
3.717660227480347	1.050565847192257		7.33
3.702339207748394	1.050160374292718		7.34
3.687018188016443	1.049755509035255		7.350000000000001
3.671697168284492	1.049351308212909		7.36
3.65637614855254	1.048947828321299		7.37
3.641055128820589	1.048545125562325		7.38
3.625734109088637	1.048143255848179		7.390000000000001
3.610413089356685	1.047742274805613		7.4
3.595092069624734	1.047342237780305		7.41
3.579771049892782	1.046943199841282		7.42
3.564450030160832	1.046545215785262		7.43
3.549129010428879	1.046148340140787		7.44
3.533807990696928	1.045752627172171		7.45
3.518486970964977	1.045358130883036		7.46
3.503165951233025	1.044964905019463		7.47
3.487844931501074	1.04457300307262		7.48
3.472523911769122	1.044182478280834		7.49
3.45720289203717	1.043793383631032		7.5
3.441881872305219	1.043405771859476		7.51
3.426560852573267	1.043019695451801		7.52
3.411239832841316	1.042635206642201		7.53
3.395918813109364	1.042252357411869		7.54
3.380597793377413	1.041871199486536		7.55
3.365276773645462	1.041491784333164		7.56
3.34995575391351	1.041114163155728		7.57
3.334634734181559	1.040738386890111		7.58
3.319313714449607	1.04036450619808		7.59
3.303992694717655	1.039992571460367		7.600000000000001
3.288671674985705	1.039622632768824		7.61
3.273350655253752	1.039254739917745		7.62
3.258029635521801	1.038888942394263		7.63
3.24270861578985	1.038525289367949		7.640000000000001
3.227387596057898	1.038163829679557		7.65
3.212066576325947	1.037804611829027		7.66
3.196745556593995	1.037447683962736		7.67
3.181424536862044	1.037093093860049		7.68
3.166103517130092	1.03674088891921		7.69
3.15078249739814	1.036391116142688		7.7
3.13546147766619	1.03604382212193		7.71
3.120140457934237	1.035699053021655		7.72
3.104819438202286	1.035356854563745		7.73
3.089498418470335	1.035017272010753		7.74
3.074177398738383	1.034680350149163		7.75
3.058856379006432	1.034346133236483		7.76
3.04353535927448	1.034014665085266		7.77
3.028214339542528	1.033685988951279		7.78
3.012893319810577	1.033360147545781		7.79
2.997572300078625	1.033037183018347		7.8
2.982251280346675	1.032717136939833		7.81
2.966930260614722	1.032400050285533		7.82
2.951609240882771	1.032085963418562		7.83
2.93628822115082	1.031774916073603		7.84
2.920967201418868	1.031466947341004		7.850000000000001
2.905646181686917	1.031162095651348		7.86
2.890325161954965	1.030860398760505		7.87
2.875004142223013	1.030561893735209		7.88
2.859683122491062	1.030266616939326		7.890000000000001
2.84436210275911	1.029974604003043		7.9
2.82904108302716	1.029685889855389		7.91
2.813720063295207	1.029400508675791		7.92
2.798399043563256	1.029118493892974		7.930000000000001
2.783078023831305	1.028839878174826		7.94
2.767757004099353	1.028564693419103		7.95
2.752435984367402	1.028292970745015		7.96
2.73711496463545	1.028024740485618		7.97
2.721793944903498	1.027760032181162		7.98
2.706472925171548	1.027498874573289		7.99
2.691151905439595	1.027241295600137		8
2.675830885707644	1.026987322392326		8.01
2.660509865975693	1.02673698126988		8.02
2.645188846243741	1.026490297739975		8.029999999999999
2.62986782651179	1.026247296495598		8.040000000000001
2.614546806779838	1.02600800141504		8.050000000000001
2.599225787047887	1.025772435562229		8.06
2.583904767315935	1.025540621187856		8.07
2.568583747583983	1.025312579731296		8.08
2.553262727852033	1.025088331823242		8.09
2.53794170812008	1.024867897289099		8.1
2.522620688388129	1.024651295152963		8.109999999999999
2.507299668656178	1.024438543642322		8.120000000000001
2.491978648924226	1.024229660193218		8.130000000000001
2.476657629192275	1.024024661456064		8.140000000000001
2.461336609460323	1.023823563301815		8.15
2.446015589728372	1.02362638082865		8.16
2.43069456999642	1.023433128369011		8.17
2.415373550264468	1.023243819496921		8.18
2.400052530532518	1.023058467035627		8.19
2.384731510800565	1.022877083065408		8.199999999999999
2.369410491068614	1.022699678931593		8.210000000000001
2.354089471336663	1.02252626525265		8.220000000000001
2.338768451604711	1.022356851928348		8.23
2.32344743187276	1.022191448147953		8.24
2.308126412140808	1.0220300623983		8.25
2.292805392408857	1.021872702471887		8.26
2.277484372676905	1.021719375474744		8.27
2.262163352944953	1.021570087834143		8.279999999999999
2.246842333213003	1.021424845306101		8.290000000000001
2.23152131348105	1.0212836529826		8.300000000000001
2.216200293749099	1.021146515298497		8.31
2.200879274017148	1.02101343603813		8.32
2.185558254285196	1.020884418341499		8.33
2.170237234553245	1.020759464710126		8.34
2.154916214821293	1.020638577012424		8.35
2.139595195089341	1.020521756488652		8.359999999999999
2.124274175357391	1.020409003755427		8.370000000000001
2.108953155625438	1.02030031880974		8.380000000000001
2.093632135893488	1.020195701032464		8.390000000000001
2.078311116161536	1.020095149191437		8.4
2.062990096429584	1.019998661443985		8.41
2.047669076697633	1.019906235338976		8.42
2.032348056965681	1.01981786781837		8.43
2.01702703723373	1.019733555218308		8.44
2.001706017501779	1.019653293269703		8.449999999999999
1.986384997769828	1.019577077098359		8.460000000000001
1.971063978037876	1.019504901224378		8.470000000000001
1.955742958305925	1.019436759570971		8.48
1.940421938573974	1.019372645430792		8.49
1.925100918842023	1.019312551500918		8.5
1.909779899110071	1.019256469860302		8.51
1.89445887937812	1.019204391983363		8.52
1.879137859646169	1.019156308729901		8.529999999999999
1.863816839914217	1.01911221034237		8.540000000000001
1.848495820182266	1.019072086442966		8.550000000000001
1.833174800450315	1.019035926030517		8.56
1.817853780718364	1.019003717477224		8.57
1.802532760986412	1.018975448525302		8.58
1.787211741254461	1.0189511062835		8.59
1.77189072152251	1.01893067722365		8.6
1.756569701790558	1.018914147177185		8.609999999999999
1.741248682058607	1.01890150133168		8.620000000000001
1.725927662326656	1.01889272422735		8.630000000000001
1.710606642594705	1.018887799755871		8.640000000000001
1.695285622862754	1.018886711147769		8.65
1.679964603130802	1.018889440977429		8.66
1.664643583398851	1.018895971165743		8.67
1.6493225636669	1.018906282972795		8.68
1.634001543934948	1.018920356995958		8.69
1.618680524202997	1.018938173166077		8.700000000000001
1.603359504471046	1.018959710747846		8.710000000000001
1.588038484739094	1.018984948341439		8.720000000000001
1.572717465007143	1.019013863880207		8.73
1.557396445275192	1.019046434630704		8.74
1.542075425543241	1.019082637193237		8.75
1.52675440581129	1.019122447502951		8.76
1.511433386079338	1.019165840831435		8.77
1.496112366347387	1.019212791788903		8.779999999999999
1.480791346615436	1.019263274336462		8.790000000000001
1.465470326883484	1.019317261754878		8.800000000000001
1.450149307151533	1.019374726688148		8.81
1.434828287419582	1.019435641133599		8.82
1.419507267687631	1.019499976446856		8.83
1.404186247955679	1.019567703347489		8.84
1.388865228223728	1.01963879192527		8.85
1.373544208491777	1.019713211646754		8.859999999999999
1.358223188759825	1.019790931371091		8.870000000000001
1.342902169027874	1.019871919329024		8.880000000000001
1.327581149295923	1.019956143164773		8.890000000000001
1.312260129563972	1.020043569932915		8.9
1.29693910983202	1.020134166107905		8.91
1.281618090100069	1.020227897593882		8.92
1.266297070368118	1.020324729730019		8.93
1.250976050636166	1.020424627311617		8.94
1.235655030904215	1.02052755459765		8.950000000000001
1.220334011172264	1.020633475320056		8.960000000000001
1.205012991440313	1.020742352699938		8.970000000000001
1.189691971708361	1.020854149456095		8.98
1.17437095197641	1.020968827831268		8.99
1.159049932244459	1.021086349568532		9
1.143728912512508	1.021206675964756		9.01
1.128407892780556	1.021329767869548		9.02
1.113086873048605	1.021455585698567		9.029999999999999
1.097765853316654	1.021584089447172		9.040000000000001
1.082444833584703	1.021715238704141		9.050000000000001
1.067123813852751	1.021848992665511		9.06
1.0518027941208	1.021985310148341		9.07
1.036481774388849	1.022124149604507		9.08
1.021160754656897	1.022265469134392		9.09
1.005839734924946	1.02240922650051		9.1
0.9905187151929948	1.022555379140966		9.109999999999999
0.9751976954610435	1.022703884182794		9.120000000000001
0.9598766757290924	1.022854698455055		9.130000000000001
0.9445556559971411	1.023007778501798		9.140000000000001
0.9292346362651898	1.023163080594684		9.15
0.9139136165332385	1.023320560745431		9.16
0.8985925968012872	1.023480174717907		9.17
0.883271577069336	1.023641878043212		9.18
0.8679505573373847	1.023805626016298		9.19
0.8526295376054334	1.02397137372606		9.200000000000001
0.8373085178734821	1.024139076060053		9.210000000000001
0.8219874981415308	1.024308687710291		9.220000000000001
0.8066664784095795	1.02448016318363		9.23
0.7913454586776283	1.024653456820372		9.24
0.7760244389456771	1.024828522797993		9.25
0.7607034192137258	1.025005315140116		9.26
0.7453823994817744	1.025183787725093		9.27
0.7300613797498232	1.025363894294166		9.279999999999999
0.714740360017872	1.025545588459248		9.290000000000001
0.6994193402859207	1.025728823710289		9.300000000000001
0.6840983205539694	1.025913553422332		9.31
0.6687773008220181	1.026099730862126		9.32
0.6534562810900669	1.026287309194449		9.33
0.6381352613581156	1.026476241488079		9.34
0.6228142416261643	1.026666480721412		9.35
0.6074932218942131	1.026857979787825		9.359999999999999
0.5921722021622619	1.0270506915007		9.370000000000001
0.5768511824303105	1.027244568598208		9.380000000000001
0.5615301626983592	1.027439563747832		9.390000000000001
0.546209142966408	1.027635629550656		9.4
0.5308881232344568	1.027832718554325		9.41
0.5155671035025055	1.028030783225917		9.42
0.5002460837705541	1.028229775991317		9.43
0.4849250640386027	1.028429649225218		9.44
0.4696040443066514	1.028630355254887		9.450000000000001
0.4542830245747002	1.028831846363482		9.460000000000001
0.4389620048427487	1.029034074792849		9.470000000000001
0.4236409851107974	1.02923699274449		9.48
0.4083199653788461	1.029440552385925		9.49
0.3929989456468947	1.029644705856346		9.5
0.3776779259149434	1.029849405267409		9.51
0.3623569061829922	1.03005460270648		9.52
0.3470358864510408	1.030260250249139		9.529999999999999
0.3317148667190895	1.030466299931369		9.540000000000001
0.3163938469871381	1.030672703787902		9.550000000000001
0.3010728272551867	1.030879413843088		9.56
0.2857518075232354	1.031086382114607		9.57
0.2704307877912842	1.031293560617384		9.58
0.2551097680593328	1.03150090136759		9.59
0.2397887483273815	1.031708356386823		9.6
0.2244677285954301	1.03191587770646		9.609999999999999
0.2091467088634788	1.03212341737278		9.620000000000001
0.1938256891315275	1.032330927448257		9.630000000000001
0.1785046693995762	1.032538360021531		9.640000000000001
0.1631836496676248	1.03274566721037		9.65
0.1478626299356735	1.032952801167035		9.66
0.1325416102037222	1.033159714113117		9.67
0.1172205904717708	1.033366358251841		9.68
0.1018995707398195	1.033572685872699		9.69
0.08657855100786818	1.033778649323074		9.700000000000001
0.07125753127591684	1.033984201014807		9.710000000000001
0.05593651154396553	1.034189293430777		9.720000000000001
0.0406154918120142	1.03439387913174		9.73
0.02529447208006288	1.034597910765215		9.74
0.009973452348111554	1.034801341063036		9.75
-0.005347567383839771	1.035004122862043		9.76
-0.0206685871157911	1.035206209105905		9.77
-0.03598960684774242	1.03540755285279		9.779999999999999
-0.05131062657969375	1.035608107283161		9.790000000000001
-0.06663164631164506	1.035807825707668		9.800000000000001
-0.0819526660435964	1.036006661575153		9.81
-0.09727368577554772	1.036204568480755		9.82
-0.1125947055074991	1.036401500174111		9.83
-0.1279157252394504	1.036597410567583		9.84
-0.1432367449714017	1.036792253744567		9.85
-0.1585577647033531	1.036985983967833		9.859999999999999
-0.1738787844353044	1.037178555687885		9.870000000000001
-0.1891998041672557	1.037369923551312		9.880000000000001
-0.204520823899207	1.037560042409127		9.890000000000001
-0.2198418436311584	1.03774886732508		9.9
-0.2351628633631097	1.037936353583937		9.91
-0.250483883095061	1.038122456699677		9.92
-0.2658049028270124	1.038307132423602		9.93
-0.2811259225589637	1.038490336752397		9.94
-0.296446942290915	1.038672025936036		9.950000000000001
-0.3117679620228663	1.038852156485589		9.960000000000001
-0.3270889817548177	1.039030685180905		9.970000000000001
-0.342410001486769	1.039207569078111		9.98
-0.3577310212187203	1.039382765516998		9.99
-0.3730520409506716	1.039556232128208		10
-0.388373060682623	1.039727926840248		10.01
-0.4036940804145743	1.039897807886294		10.02
-0.4190151001465257	1.040065833810878		10.03
-0.434336119878477	1.040231963476254		10.04
-0.4496571396104283	1.040396156068625		10.05
-0.4649781593423796	1.040558371104157		10.06
-0.480299179074331	1.040718568434756		10.07
-0.4956201988062823	1.040876708253576		10.08
-0.5109412185382336	1.041032751100385		10.09
-0.5262622382701849	1.041186657866637		10.1
-0.5415832580021362	1.041338389800333		10.11
-0.5569042777340875	1.041487908510639		10.12
-0.5722252974660388	1.041635175971262		10.13
-0.58754631719799	1.041780154525869		10.14
-0.6028673369299413	1.041922806892514		10.15
-0.6181883566618925	1.042063096171818		10.16
-0.6335093763938439	1.042200985831841		10.17
-0.6488303961257951	1.042336439733079		10.18
-0.6641514158577464	1.042469422123279		10.19
-0.6794724355896976	1.042599897643973		10.2
-0.6947934553216489	1.042727831318297		10.21
-0.7101144750536001	1.042853188571469		10.22
-0.7254354947855515	1.042975935225269		10.23
-0.7407565145175027	1.043096037501906		10.24
-0.756077534249454	1.043213462026396		10.25
-0.7713985539814052	1.043328175827233		10.26
-0.7867195737133565	1.043440146337909		10.27
-0.8020405934453078	1.043549341398353		10.28
-0.8173616131772591	1.043655729256118		10.29
-0.8326826329092104	1.043759278569907		10.3
-0.8480036526411616	1.043859958395793		10.31
-0.8633246723731128	1.04395773821007		10.32
-0.8786456921050642	1.044052587900523		10.33
-0.8939667118370155	1.044144477766931		10.34
-0.9092877315689667	1.044233378521556		10.35
-0.924608751300918	1.044319261289502		10.36
-0.9399297710328693	1.044402097608979		10.37
-0.9552507907648207	1.044481859431433		10.38
-0.9705718104967718	1.044558519120304		10.39
-0.9858928302287231	1.044632049453804		10.4
-1.001213849960674	1.044702423623512		10.41
-1.016534869692626	1.044769615234271		10.42
-1.031855889424577	1.044833598303995		10.43
-1.047176909156528	1.044894347263462		10.44
-1.062497928888479	1.044951836956024		10.45
-1.077818948620431	1.045006042637314		10.46
-1.093139968352382	1.045056939974887		10.47
-1.108460988084333	1.045104505047878		10.48
-1.123782007816285	1.045148714346547		10.49
-1.139103027548236	1.045189544771925		10.5
-1.154424047280187	1.045226973635344		10.51
-1.169745067012139	1.045260978668125		10.52
-1.18506608674409	1.045291537987655		10.53
-1.200387106476041	1.045318630132668		10.54
-1.215708126207992	1.045342234050871		10.55
-1.231029145939944	1.045362329098578		10.56
-1.246350165671895	1.045378895039872		10.57
-1.261671185403846	1.045391912046187		10.58
-1.276992205135797	1.045401360695919		10.59
-1.292313224867749	1.045407221974002		10.6
-1.3076342445997	1.045409477271588		10.61
-1.322955264331651	1.045408108385963		10.62
-1.338276284063602	1.045403097518184		10.63
-1.353597303795554	1.045394427274182		10.64
-1.368918323527505	1.045382080666671		10.65
-1.384239343259456	1.045366041113173		10.66
-1.399560362991408	1.045346292435843		10.67
-1.414881382723359	1.04532281886132		10.68
-1.43020240245531	1.045295605020633		10.69
-1.445523422187261	1.045264635949148		10.7
-1.460844441919213	1.045229897086512		10.71
-1.476165461651164	1.045191374272699		10.72
-1.491486481383115	1.045149053761351		10.73
-1.506807501115066	1.045102922202318		10.74
-1.522128520847018	1.0450529666437		10.75
-1.537449540578969	1.04499917454784		10.76
-1.55277056031092	1.044941533782246		10.77
-1.568091580042872	1.044880032620002		10.78
-1.583412599774823	1.044814659740074		10.79
-1.598733619506774	1.044745404227657		10.8
-1.614054639238725	1.044672255574503		10.81
-1.629375658970677	1.044595203679297		10.82
-1.644696678702628	1.044514238848032		10.83
-1.660017698434579	1.044429351794392		10.84
-1.67533871816653	1.044340533639434		10.85
-1.690659737898482	1.044247775911543		10.86
-1.705980757630433	1.044151070548737		10.87
-1.721301777362384	1.044050409899308		10.88
-1.736622797094336	1.043945786721214		10.89
-1.751943816826287	1.043837194182418		10.9
-1.767264836558238	1.043724625861082		10.91
-1.78258585629019	1.043608075745579		10.92
-1.797906876022141	1.043487538231148		10.93
-1.813227895754092	1.04336300812904		10.94
-1.828548915486043	1.043234480659713		10.95
-1.843869935217994	1.043101951454186		10.96
-1.859190954949946	1.042965416553744		10.97
-1.874511974681897	1.042824872409522		10.98
-1.889832994413848	1.042680315881885		10.99
-1.9051540141458	1.042531744239691		11
-1.920475033877751	1.042379155159342		11.01
-1.935796053609702	1.042222546723628		11.02
-1.951117073341653	1.042061917420379		11.03
-1.966438093073605	1.041897266140848		11.04
-1.981759112805556	1.041728592177854		11.05
-1.997080132537507	1.041555895223657		11.06
-2.012401152269458	1.041379175367556		11.07
-2.02772217200141	1.041198433093157		11.08
-2.043043191733361	1.041013669275374		11.09
-2.058364211465312	1.040824885177042		11.1
-2.073685231197264	1.040632082445236		11.11
-2.089006250929216	1.040435263107167		11.12
-2.104327270661167	1.040234429565804		11.13
-2.119648290393119	1.040029584595002		11.14
-2.13496931012507	1.03982073133431		11.15
-2.150290329857021	1.03960787328271		11.16
-2.165611349588973	1.039391014292942		11.17
-2.180932369320924	1.039170158566169		11.18
-2.196253389052876	1.038945310644203		11.19
-2.211574408784827	1.038716475402154		11.2
-2.226895428516779	1.038483658040668		11.21
-2.242216448248731	1.038246864077699		11.22
-2.257537467980682	1.038006099339837		11.23
-2.272858487712634	1.037761369953155		11.24
-2.288179507444585	1.037512682333664		11.25
-2.303500527176536	1.03726004317731		11.26
-2.318821546908488	1.037003459449527		11.27
-2.334142566640439	1.036742938374382		11.28
-2.349463586372391	1.036478487423308		11.29
-2.364784606104342	1.036210114303452		11.3
-2.380105625836294	1.03593782694562		11.31
-2.395426645568246	1.03566163349189		11.32
-2.410747665300197	1.035381542282871		11.33
-2.426068685032148	1.03509756184207		11.34
-2.4413897047641	1.034809700867022		11.35
-2.456710724496051	1.034517968214338		11.36
-2.472031744228003	1.034222372885164		11.37
-2.487352763959954	1.033922924008926		11.38
-2.502673783691906	1.033619630834342		11.39
-2.517994803423858	1.033312502712487		11.4
-2.533315823155809	1.033001549082467		11.41
-2.548636842887761	1.032686779457021		11.42
-2.563957862619712	1.032368203408217		11.43
-2.579278882351663	1.032045830551501		11.44
-2.594599902083615	1.031719670534351		11.45
-2.609920921815566	1.031389733020866		11.46
-2.625241941547518	1.031056027677859		11.47
-2.640562961279469	1.030718564161251		11.48
-2.655883981011421	1.030377352102729		11.49
-2.671205000743373	1.030032401096803		11.5
-2.686526020475324	1.029683720688253		11.51
-2.701847040207276	1.029331320360071		11.52
-2.717168059939227	1.028975209521897		11.53
-2.732489079671178	1.028615397499109		11.54
-2.74781009940313	1.028251893522473		11.55
-2.763131119135081	1.027884706718552		11.56
-2.778452138867033	1.027513846100847		11.57
-2.793773158598984	1.027139320561707		11.58
-2.809094178330936	1.026761138865177		11.59
-2.824415198062888	1.02637930964066		11.6
-2.839736217794839	1.02599384137761		11.61
-2.855057237526791	1.02560474242118		11.62
-2.870378257258742	1.02521202096895		11.63
-2.885699276990693	1.024815685068738		11.64
-2.901020296722645	1.024415742617525		11.65
-2.916341316454596	1.024012201361604		11.66
-2.931662336186548	1.023605068897878		11.67
-2.946983355918499	1.023194352676438		11.68
-2.962304375650451	1.022780060004374		11.69
-2.977625395382403	1.022362198050911		11.7
-2.992946415114354	1.021940773853818		11.71
-3.008267434846305	1.021515794327169		11.72
-3.023588454578257	1.021087266270433		11.73
-3.038909474310208	1.020655196378888		11.74
-3.05423049404216	1.02021959125539		11.75
-3.069551513774111	1.019780457423484		11.76
-3.084872533506063	1.019337801341875		11.77
-3.100193553238014	1.018891629420153		11.78
-3.115514572969966	1.018441948035906		11.79
-3.130835592701918	1.017988763553047		11.8
-3.146156612433869	1.017532082341434		11.81
-3.16147763216582	1.017071910797719		11.82
-3.176798651897772	1.016608255367377		11.83
-3.192119671629723	1.016141122567859		11.84
-3.207440691361675	1.015670519012899		11.85
-3.222761711093626	1.015196451437828		11.86
-3.238082730825578	1.014718926725906		11.87
-3.25340375055753	1.014237951935581		11.88
-3.268724770289481	1.013753534328632		11.89
-3.284045790021433	1.013265681399101		11.9
-3.299366809753384	1.012774400902976		11.91
-3.314687829485336	1.012279700888536		11.92
-3.330008849217287	1.01178158972724		11.93
-3.345329868949239	1.011280076145171		11.94
-3.36065088868119	1.01077516925483		11.95
-3.375971908413142	1.010266878587347		11.96
-3.391292928145093	1.009755214124835		11.97
-3.406613947877045	1.00924018633298		11.98
-3.421934967608996	1.008721806193627		11.99
-3.437255987340948	1.00820008523739		12
-3.452577007072899	1.007675035576073		12.01
-3.467898026804851	1.007146669934933		12.02
-3.483219046536802	1.006615001684592		12.03
-3.498540066268754	1.006080044870502		12.04
-3.513861086000705	1.005541814246505		12.05
-3.529182105732657	1.0050003253069		12.06
-3.544503125464608	1.004455594313559		12.07
-3.55982414519656	1.003907638325484		12.08
-3.575145164928511	1.003356475226923		12.09
-3.590466184660463	1.002802123754582		12.1
-3.605787204392414	1.002244603523759		12.11
-3.621108224124366	1.001683935053453		12.12
-3.636429243856317	1.001120139790256		12.13
-3.651750263588269	1.000553240131019		12.14
-3.66707128332022	0.9999832594442351		12.15
-3.682392303052172	0.9994102220900486		12.16
-3.697713322784123	0.9988341534388246		12.17
-3.713034342516075	0.9982550798883066		12.18
-3.728355362248026	0.9976730288792212		12.19
-3.743676381979978	0.9970880289093116		12.2
-3.758997401711929	0.9965001095458872		12.21
-3.774318421443881	0.995909301436649		12.22
-3.789639441175832	0.9953156363175384		12.23
-3.804960460907784	0.9947191470235826		12.24
-3.820281480639735	0.994119867492672		12.25
-3.835602500371687	0.9935178327701611		12.26
-3.850923520103638	0.9929130790115618		12.27
-3.86624453983559	0.9923056434835514		12.28
-3.881565559567541	0.9916955645633692		12.29
-3.896886579299493	0.9910828817365888		12.3
-3.912207599031444	0.9904676355933374		12.31
-3.927528618763396	0.9898498678229691		12.32
-3.942849638495347	0.9892296212072711		12.33
-3.958170658227299	0.9886069396121899		12.34
-3.97349167795925	0.9879818679781879		12.35
-3.988812697691202	0.9873544523092461		12.36
-4.004133717423153	0.9867247396606237		12.37
-4.019454737155105	0.9860927781253715		12.38
-4.034775756887056	0.9854586168197362		12.39
-4.050096776619008	0.9848223058675046		12.4
-4.065417796350959	0.9841838963833605		12.41
-4.08073881608291	0.9835434404553473		12.42
-4.096059835814862	0.9829009911265236		12.43
-4.111380855546813	0.9822566023751851		12.44
-4.126701875278764	0.9816103290957525		12.45
-4.142022895010716	0.9809622270795109		12.46
-4.157343914742668	0.9803123529931581		12.47
-4.172664934474619	0.9796607643577681		12.48
-4.18798595420657	0.9790075195275426		12.49
-4.203306973938522	0.9783526776683953		12.5
-4.218627993670474	0.9776962987364621		12.51
-4.233949013402425	0.9770384434566651		12.52
-4.249270033134376	0.9763791733014103		12.53
-4.264591052866328	0.9757185504694817		12.54
-4.27991207259828	0.9750566378652643		12.55
-4.295233092330231	0.9743934990783735		12.56
-4.310554112062182	0.9737291983637546		12.57
-4.325875131794134	0.9730638006223532		12.58
-4.341196151526086	0.9723973713824274		12.59
-4.356517171258037	0.9717299767815759		12.6
-4.371838190989988	0.9710616835495737		12.61
-4.38715921072194	0.9703925589920098		12.62
-4.402480230453892	0.9697226709749114		12.63
-4.417801250185843	0.9690520879102681		12.64
-4.433122269917794	0.9683808787426312		12.65
-4.448443289649746	0.9677091129367429		12.66
-4.463764309381697	0.9670368604662727		12.67
-4.479085329113649	0.9663641918037232		12.68
-4.4944063488456	0.9656911779114636		12.69
-4.509727368577552	0.9650178902339642		12.7
-4.525048388309504	0.9643444006912415		12.71
-4.540369408041455	0.9636707816734909		12.72
-4.555690427773406	0.9629971060369631		12.73
-4.571011447505358	0.9623234471010217		12.74
-4.58633246723731	0.9616498786464298		12.75
-4.601653486969261	0.9609764749147941		12.76
-4.616974506701212	0.9603033106091883		12.77
-4.632295526433164	0.9596304608959465		12.78
-4.647616546165116	0.9589580014074757		12.79
-4.662937565897067	0.9582860082462497		12.8
-4.678258585629018	0.9576145579897077		12.81
-4.69357960536097	0.9569437276962416		12.82
-4.708900625092922	0.9562735949120081		12.83
-4.724221644824873	0.9556042376786708		12.84
-4.739542664556824	0.9549357345419202		12.85
-4.754863684288776	0.9542681645607105		12.86
-4.770184704020727	0.9536016073171979		12.87
-4.785505723752679	0.9529361429272435		12.88
-4.80082674348463	0.9522718520514643		12.89
-4.816147763216582	0.951608815906685		12.9
-4.831468782948534	0.9509471162777954		12.91
-4.846789802680485	0.9502868355298533		12.92
-4.862110822412436	0.9496280566204296		12.93
-4.877431842144388	0.9489708631120114		12.94
-4.89275286187634	0.9483153391845159		12.95
-4.908073881608291	0.9476615696477002		12.96
-4.923394901340242	0.947009639953502		12.97
-4.938715921072194	0.946359636208104		12.98
-4.954036940804146	0.9457116451838125		12.99
-4.969357960536097	0.9450657543305017		13
-4.984678980268048	0.9444220517866628		13.01
-5	0.9437806263899512		13.02
-5.015321019731952	0.943141567687153		13.03
-5	0.9425053788739806		13.04
-4.984678980268048	0.9418721700444525		13.05
