-4.985358964277326	0.9999979035861103		0.01
-4.970717928554652	0.9999957044803464		0.02
-4.956076892831978	0.9999934139713716		0.03
-4.941435857109305	0.9999910434665435		0.04
-4.926794821386631	0.999988604469919		0.05
-4.912153785663956	0.9999861085715842		0.06
-4.897512749941282	0.9999835674279676		0.07000000000000001
-4.882871714218608	0.999980992744992		0.08
-4.868230678495935	0.9999783962599027		0.09
-4.853589642773261	0.9999757897227914		0.1
-4.838948607050587	0.999973184878018		0.11
-4.824307571327912	0.999970593445618		0.12
-4.809666535605238	0.999968027102599		0.13
-4.795025499882565	0.9999654974647638		0.14
-4.780384464159891	0.99996301606615		0.15
-4.765743428437217	0.9999605943437372		0.16
-4.751102392714543	0.9999582436165474		0.17
-4.736461356991869	0.9999559750690208		0.18
-4.721820321269195	0.9999537997326478		0.19
-4.707179285546522	0.9999517284687143		0.2
-4.692538249823848	0.9999497719512458		0.21
-4.677897214101173	0.9999479406504409		0.22
-4.663256178378499	0.9999462448165376		0.23
-4.648615142655825	0.99994469446426		0.24
-4.633974106933151	0.9999432993578565		0.25
-4.619333071210478	0.9999420689967172		0.26
-4.604692035487804	0.999941012601696		0.27
-4.590050999765129	0.9999401391021775		0.28
-4.575409964042456	0.9999394571238195		0.29
-4.560768928319782	0.9999389749771814		0.3
-4.546127892597108	0.9999387006471093		0.31
-4.531486856874434	0.9999386417830025		0.32
-4.51684582115176	0.9999388056900096		0.33
-4.502204785429086	0.9999391993210308		0.34
-4.487563749706412	0.999939829269806		0.35
-4.472922713983738	0.9999407017648406		0.36
-4.458281678261065	0.9999418226643649		0.37
-4.44364064253839	0.999943197452303		0.38
-4.428999606815716	0.999944831235148		0.39
-4.414358571093043	0.9999467287400143		0.4
-4.399717535370368	0.9999488943135043		0.41
-4.385076499647695	0.9999513319217433		0.42
-4.370435463925021	0.9999540451513701		0.43
-4.355794428202346	0.9999570372114783		0.44
-4.341153392479673	0.9999603109366811		0.45
-4.326512356756999	0.9999638687910141		0.46
-4.311871321034324	0.9999677128728857		0.47
-4.297230285311651	0.9999718449209458		0.48
-4.282589249588977	0.9999762663208954		0.49
-4.267948213866303	0.9999809781131123		0.5
-4.253307178143629	0.9999859810012679		0.51
-4.238666142420955	0.9999912753616295		0.52
-4.224025106698281	0.9999968612532508		0.53
-4.209384070975607	1.000002738428892		0.54
-4.194743035252933	1.000008906346624		0.55
-4.18010199953026	1.000015364182154		0.5600000000000001
-4.165460963807585	1.000022110841673		0.5700000000000001
-4.150819928084911	1.00002914497542		0.58
-4.136178892362238	1.00003646499164		0.59
-4.121537856639563	1.000044069071081		0.6
-4.10689682091689	1.000051955181853		0.61
-4.092255785194216	1.000060121094717		0.62
-4.077614749471541	1.000068564398665		0.63
-4.062973713748868	1.000077282516667		0.64
-4.048332678026194	1.000086272721701		0.65
-4.03369164230352	1.000095532152906		0.66
-4.019050606580846	1.000105057831731		0.67
-4.004409570858172	1.000114846678224		0.68
-3.989768535135498	1.000124895527157		0.6900000000000001
-3.975127499412824	1.000135201144148		0.7000000000000001
-3.96048646369015	1.000145760241552		0.71
-3.945845427967476	1.000156569494212		0.72
-3.931204392244802	1.000167625554874		0.73
-3.916563356522128	1.000178925069348		0.74
-3.901922320799454	1.00019046469124		0.75
-3.88728128507678	1.000202241096344		0.76
-3.872640249354106	1.00021425099645		0.77
-3.857999213631433	1.000226491152748		0.78
-3.843358177908758	1.000238958388638		0.79
-3.828717142186084	1.00025164960193		0.8
-3.814076106463411	1.000264561776428		0.8100000000000001
-3.799435070740737	1.000277691992852		0.8200000000000001
-3.784794035018063	1.000291037439013		0.8300000000000001
-3.770152999295389	1.000304595419345		0.84
-3.755511963572715	1.000318363363615		0.85
-3.740870927850041	1.000332338834859		0.86
-3.726229892127367	1.000346519536581		0.87
-3.711588856404693	1.000360903319061		0.88
-3.696947820682019	1.000375488184937		0.89
-3.682306784959345	1.000390272293842		0.9
-3.667665749236672	1.000405253966323		0.91
-3.653024713513997	1.000420431686833		0.92
-3.638383677791323	1.000435804105963		0.93
-3.62374264206865	1.000451370041771		0.9400000000000001
-3.609101606345975	1.000467128480367		0.9500000000000001
-3.594460570623302	1.00048307857562		0.96
-3.579819534900628	1.000499219648161		0.97
-3.565178499177954	1.000515551183534		0.98
-3.55053746345528	1.000532072829624		0.99
-3.535896427732606	1.000548784393392		1
-3.521255392009932	1.000565685836878		1.01
-3.506614356287258	1.00058277727254		1.02
-3.491973320564584	1.000600058957997		1.03
-3.47733228484191	1.000617531290128		1.04
-3.462691249119236	1.000635194798641		1.05
-3.448050213396562	1.000653050139126		1.06
-3.433409177673889	1.00067109808558		1.07
-3.418768141951214	1.000689339522581		1.08
-3.404127106228541	1.000707775436996		1.09
-3.389486070505867	1.000726406909388		1.1
-3.374845034783192	1.000745235105106		1.11
-3.360203999060519	1.000764261265129		1.12
-3.345562963337845	1.000783486696694		1.13
-3.33092192761517	1.000802912763777		1.14
-3.316280891892497	1.000822540877506		1.15
-3.301639856169823	1.000842372486434		1.16
-3.286998820447149	1.000862409066851		1.17
-3.272357784724475	1.000882652113137		1.18
-3.257716749001801	1.000903103128181		1.19
-3.243075713279127	1.000923763613922		1.2
-3.228434677556453	1.000944635062079		1.21
-3.213793641833779	1.000965718945054		1.22
-3.199152606111105	1.000987016707134		1.23
-3.184511570388431	1.001008529755975		1.24
-3.169870534665757	1.001030259454397		1.25
-3.155229498943084	1.001052207112576		1.26
-3.140588463220409	1.001074373980579		1.27
-3.125947427497735	1.001096761241383		1.28
-3.111306391775062	1.001119370004343		1.29
-3.096665356052387	1.001142201299106		1.3
-3.082024320329714	1.00116525607006		1.31
-3.06738328460704	1.00118853517129		1.32
-3.052742248884366	1.001212039362106		1.33
-3.038101213161692	1.001235769303077		1.34
-3.023460177439018	1.001259725552694		1.35
-3.008819141716344	1.001283908564498		1.36
-2.99417810599367	1.001308318684951		1.37
-2.979537070270996	1.001332956151742		1.38
-2.964896034548322	1.001357821092743		1.39
-2.950254998825648	1.001382913525511		1.4
-2.935613963102974	1.001408233357413		1.41
-2.9209729273803	1.001433780386248		1.42
-2.906331891657626	1.001459554301458		1.43
-2.891690855934952	1.001485554685863		1.44
-2.877049820212279	1.001511781017895		1.45
-2.862408784489605	1.001538232674375		1.46
-2.84776774876693	1.001564908933737		1.47
-2.833126713044257	1.001591808979662		1.48
-2.818485677321583	1.001618931905214		1.49
-2.803844641598909	1.001646276717346		1.5
-2.789203605876235	1.001673842341707		1.51
-2.774562570153561	1.001701627627949		1.52
-2.759921534430887	1.0017296313551		1.53
-2.745280498708213	1.001757852237452		1.54
-2.730639462985539	1.001786288930496		1.55
-2.715998427262865	1.001814940037186		1.56
-2.701357391540191	1.001843804114269		1.57
-2.686716355817517	1.001872879678803		1.58
-2.672075320094843	1.001902165214768		1.59
-2.657434284372169	1.001931659179676		1.6
-2.642793248649495	1.001961360011255		1.61
-2.628152212926821	1.001991266134098		1.62
-2.613511177204146	1.002021375966231		1.63
-2.598870141481472	1.002051687925647		1.64
-2.584229105758798	1.002082200436664		1.65
-2.569588070036124	1.002112911936153		1.66
-2.554947034313449	1.002143820879575		1.67
-2.540305998590775	1.00217492574683		1.68
-2.525664962868101	1.002206225047779		1.69
-2.511023927145426	1.002237717327623		1.7
-2.496382891422752	1.002269401171819		1.71
-2.481741855700078	1.002301275210886		1.72
-2.467100819977404	1.002333338124658		1.73
-2.45245978425473	1.002365588646333		1.74
-2.437818748532055	1.002398025566057		1.75
-2.423177712809381	1.00243064773417		1.76
-2.408536677086707	1.002463454064019		1.77
-2.393895641364033	1.002496443534395		1.78
-2.379254605641358	1.002529615191502		1.79
-2.364613569918684	1.002562968150546		1.8
-2.34997253419601	1.002596501596897		1.81
-2.335331498473336	1.002630214786764		1.82
-2.320690462750661	1.002664107047545		1.83
-2.306049427027987	1.002698177777691		1.84
-2.291408391305313	1.002732426446176		1.85
-2.276767355582639	1.002766852591546		1.86
-2.262126319859965	1.002801455820641		1.87
-2.24748528413729	1.002836235806859		1.88
-2.232844248414616	1.002871192288092		1.89
-2.218203212691942	1.00290632506435		1.9
-2.203562176969267	1.002941633994986		1.91
-2.188921141246594	1.002977118995703		1.92
-2.174280105523919	1.003012780035166		1.93
-2.159639069801245	1.003048617131488		1.94
-2.14499803407857	1.003084630348342		1.95
-2.130356998355897	1.003120819791003		1.96
-2.115715962633222	1.003157185602032		1.97
-2.101074926910548	1.00319372795697		1.98
-2.086433891187874	1.0032304470598		1.99
-2.071792855465199	1.003267343138334-4.593709591392934	0.9998055710019782		39400
-4.591647203531984	0.9999719997719003		39600
-4.589584815671035	0.9998147654320101		39800
-4.587522427810085	0.9999111483690657		40000
-4.585460039949136	0.9999039327765197		40200
-4.583397652088186	0.9998239945492062		40400
-4.581335264227237	0.9999614570445468		40600
-4.579272876366287	0.9998123309717974		40800
-4.577210488505338	0.9999283698365821		41000
-4.575148100644387	0.9998773942599387		41200
-4.573085712783438	0.999853529478735		41400
-4.571023324922489	0.9999399092982141		41600
-4.568960937061539	0.9998199326413153		41800
-4.56689854920059	0.9999370097539125		42000
-4.56483616133964	0.999856109911154		42200
-4.562773773478691	0.9998791742193629		42400
-4.560711385617741	0.999919921729193		42600
-4.558648997756792	0.999826675919729		42800
-4.556586609895842	0.9999478016894663		43000
-4.554524222034892	0.9998314998798936		43200
-4.552461834173942	0.9999098848935435		43400
-4.550399446312993	0.999893343234845		43600
-4.548337058452043	0.9998396804108614		43800
-4.546274670591094	0.9999511025436111		44000
-4.544212282730144	0.9998130147920535		44200
-4.542149894869195	0.9999359446109324		44400
-4.540087507008245	0.9998688635224321		44600
-4.538025119147296	0.9998545031340843		44800
-4.535962731286346	0.9999503229758093		45000
-4.533900343425397	0.9997998023577362		45200
-4.531837955564447	0.9999569110134139		45400
-4.529775567703497	0.999846643383015		45600
-4.527713179842547	0.9998692340738662		45800
-4.525650791981598	0.999947236740839		46000
-4.523588404120648	0.9997905833848498		46200
-4.521526016259699	0.9999756576398258		46400
-4.519463628398749	0.9998242826326111		46600
-4.5174012405378	0.9998896667570691		46800
-4.51533885267685	0.9999336073040272		47000
-4.513276464815901	0.9997946576444966		47200
-4.511214076954952	0.9999807668100027		47400
-4.509151689094002	0.9998122155900252		47600
-4.507089301233052	0.9999048519842325		47800
-4.505026913372102	0.9999209126615731		48000
-4.502964525511153	0.9998015841454801		48200
-4.500902137650203	0.9999835622590024		48400
-4.498839749789254	0.9998004451692375		48600
-4.496777361928304	0.9999240620692469		48800
-4.494714974067355	0.9998985518546848		49000
-4.492652586206405	0.9998213337876056		49200
-4.490590198345456	0.9999723048295617		49400
-4.488527810484506	0.9997997669267068		49600
-4.486465422623557	0.9999378242462841		49800
-4.484403034762606	0.9998763898839892		50000
-4.482340646901657	0.9998453338696828		50200
-4.480278259040707	0.9999544846230332		50400
-4.478215871179758	0.9998043846063003		50600
-4.476153483318808	0.9999477898515818		50800
-4.474091095457859	0.9998536600995835		51000
-4.472028707596909	0.9998730423196986		51200
-4.46996631973596	0.9999313089325138		51400
-4.46790393187501	0.9998140827855245		51600
-4.465841544014061	0.9999560943895776		51800
-4.463779156153111	0.9998284622362802		52000
-4.461716768292161	0.999906692712576		52200
-4.459654380431211	0.9998988202717354		52400
-4.457591992570262	0.9998341084041892		52600
-4.455529604709312	0.999953671499596		52800
-4.453467216848363	0.9998132376923412		53000
-4.451404828987414	0.999933286470262		53200
-4.449342441126464	0.9998709294492014		53400
-4.447280053265515	0.999853146123549		53600
-4.445217665404565	0.9999506610688179		53800
-4.443155277543616	0.9997983483004544		54000
-4.441092889682666	0.9999614370531457		54200
-4.439030501821716	0.9998383757149046		54400
-4.436968113960766	0.9998801989523266		54600
-4.434905726099817	0.9999373659009433		54800
-4.432843338238867	0.9997958941652472		55000
-4.430780950377918	0.9999783294600137		55200
-4.428718562516968	0.9998142563900928		55400
-4.426656174656019	0.9999043087148271		55600
-4.424593786795069	0.9999208841589401		55800
-4.42253139893412	0.9998004623701907		56000
-4.42046901107317	0.9999866151026946		56200
-4.418406623212221	0.9997964537670431		56400
-4.416344235351271	0.9999261296200084		56600
-4.414281847490321	0.9999019000872392		56800
-4.412219459629371	0.9998113279496669		57000
-4.410157071768422	0.9999869232154772		57200
-4.408094683907472	0.9997848271491757		57400
-4.406032296046523	0.9999462235790133		57600
-4.403969908185573	0.9998776294462979		57800
-4.401907520324624	0.9998332799535046		58000
-4.399845132463674	0.9999725211631677		58200
-4.397782744602725	0.9997871773077029		58400
-4.395720356741775	0.9999560147687181		58600
-4.393657968880825	0.9998584162045584		58800
-4.391595581019876	0.999855042382651		59000
-4.389533193158926	0.9999550821668124		59200
-4.387470805297977	0.9997933438188575		59400
-4.385408417437027	0.99996409462617		59600
-4.383346029576078	0.9998364732128351		59800
-4.381283641715128	0.9998850402995911		60000
-4.379221253854179	0.9999255335966557		60200
-4.377158865993229	0.9998129289217402		60400
-4.37509647813228	0.99996090287353		60600
-4.37303409027133	0.9998223444033126		60800
-4.37097170241038	0.9999117008220278		61000
-4.36890931454943	0.9998958927108305		61200
-4.366846926688481	0.999835424309048		61400
-4.364784538827531	0.9999534683104849		61600
-4.362722150966582	0.9998121898879843		61800
-4.360659763105632	0.9999365457573008		62000
-4.358597375244683	0.9998651846871864		62200
-4.356534987383733	0.9998621310059213		62400
-4.354472599522784	0.9999411536430749		62600
-4.352410211661834	0.9998068198444792		62800
-4.350347823800885	0.9999584043969491		63000
-4.348285435939935	0.9998346652672875		63200
-4.346223048078985	0.999891424193975		63400
-4.344160660218035	0.999921661018923		63600
-4.342098272357086	0.9998112948724515		63800
-4.340035884496136	0.9999689784000027		64000
-4.337973496635187	0.9998143228696984		64200
-4.335911108774237	0.9999143579965003		64400
-4.333848720913288	0.9999047227064716		64600
-4.331786333052338	0.9998161214920985		64800
-4.329723945191389	0.9999772996452204		65000
-4.32766155733044	0.9997942494979388		65200
-4.32559916946949	0.999938948154305		65400
-4.32353678160854	0.9998815601461589		65600
-4.32147439374759	0.9998316884827138		65800
-4.319412005886641	0.9999728174214538		66000
-4.317349618025691	0.9997878123660664		66200
-4.315287230164742	0.9999537352234888		66400
-4.313224842303792	0.9998629386202613		66600
-4.311162454442843	0.9998477457283741		66800
-4.309100066581893	0.9999632792210573		67000
-4.307037678720944	0.9997871062002347		67200
-4.304975290859994	0.9999645139141196		67400
-4.302912902999044	0.9998453667101161		67600
-4.300850515138094	0.9998679366465733		67800
-4.298788127277145	0.9999470400520264		68000
-4.296725739416195	0.9997947230844803		68200
-4.294663351555246	0.9999686944740417		68400
-4.292600963694296	0.9998292460068371		68600
-4.290538575833347	0.9998918810232282		68800
-4.288476187972397	0.9999222265170091		69000
-4.286413800111448	0.9998133789571461		69200
-4.284351412250498	0.999963003303632		69400
-4.282289024389549	0.9998215124221602		69600
-4.280226636528599	0.999911124745838		69800
-4.278164248667649	0.9998991774443426		70000
-4.276101860806699	0.9998319785835247		70200
-4.27403947294575	0.9999560512278909		70400
-4.2719770850848	0.9998126636566641		70600
-4.269914697223851	0.9999340327611592		70800
-4.267852309362902	0.9998686726539769		71000
-4.265789921501952	0.9998607777414827		71200
-4.263727533641003	0.9999387186116216		71400
-4.261665145780053	0.9998135965402499		71600
-4.259602757919104	0.9999490623358538		71800
-4.257540370058154	0.9998432794148896		72000
-4.255477982197204	0.9998865443131809		72200
-4.253415594336254	0.9999208604421969		72400
-4.251353206475305	0.9998163222108022		72600
-4.249290818614355	0.9999619592739354		72800
-4.247228430753406	0.9998189117518814		73000
-4.245166042892456	0.9999141386477274		73200
-4.243103655031507	0.999899286658091		73400
-4.241041267170557	0.999824848229765		73600
-4.238978879309608	0.999968553226555		73800
-4.236916491448658	0.9997991150522564		74000
-4.234854103587709	0.9999398198506619		74200
-4.232791715726758	0.9998752982889086		74400
-4.230729327865809	0.9998404025655477		74600
-4.228666940004859	0.9999656215551246		74800
-4.22660455214391	0.9997902699577446		75000
-4.22454216428296	0.9999573688075998		75200
-4.222479776422011	0.9998555264090722		75400
-4.220417388561061	0.9998557101284746		75600
-4.218355000700112	0.9999595452767098		75800
-4.216292612839162	0.9997846021350072		76000
-4.214230224978213	0.9999736676495459		76200
-4.212167837117263	0.9998333707026423		76400
-4.210105449256313	0.9998793011021823		76600
-4.208043061395364	0.999941789332749		76800
-4.205980673534414	0.9997932481961416		77000
-4.203918285673465	0.9999766269942482		77200
-4.201855897812515	0.9998196046321309		77400
-4.199793509951566	0.9998988720172912		77600
-4.197731122090616	0.9999219443483649		77800
-4.195668734229667	0.999806351786265		78000
-4.193606346368717	0.999975449158352		78200
-4.191543958507768	0.9998080055676444		78400
-4.189481570646818	0.9999209544739492		78600
-4.187419182785868	0.9998956740162519		78800
-4.185356794924918	0.9998281967256298		79000
-4.183294407063969	0.9999642102311027		79200
-4.181232019203019	0.9998031801668903		79400
-4.17916963134207	0.9999403693000308		79600
-4.17710724348112	0.9998669193259887		79800
-4.175044855620171	0.9998573453765313		80000
-4.172982467759221	0.9999445087019867		80200
-4.170920079898272	0.9998071231667983		80400
-4.168857692037322	0.9999530345406039		80600
-4.166795304176373	0.9998416537691803		80800
-4.164732916315423	0.9998852879102295		81000
-4.162670528454473	0.9999233850228114		81200
-4.160608140593523	0.9998134276890676		81400
-4.158545752732574	0.9999648671087589		81600
-4.156483364871624	0.9998155853006452		81800
-4.154420977010675	0.9999184488628455		82000
-4.152358589149725	0.9998935678969926		82200
-4.150296201288776	0.9998307450603726		82400
-4.148233813427827	0.9999641521206145		82600
-4.146171425566877	0.9998003584930213		82800
-4.144109037705928	0.9999433179398461		83000
-4.142046649844978	0.9998686266613792		83200
-4.139984261984028	0.9998482913391842		83400
-4.137921874123078	0.999960877820651		83600
-4.135859486262129	0.9997891652656932		83800
-4.133797098401179	0.9999657225255345		84000
-4.13173471054023	0.9998415747656281		84200
-4.12967232267928	0.9998712674986182		84400
-4.127609934818331	0.9999481389864607		84600
-4.125547546957381	0.9997879661183617		84800
-4.123485159096432	0.9999802493112463		85000
-4.121422771235482	0.9998191318248977		85200
-4.119360383374532	0.9998955345553497		85400
-4.117297995513582	0.9999288454286095		85600
-4.115235607652633	0.9997969438290312		85800
-4.113173219791683	0.999982707976055		86000
-4.111110831930734	0.9998051954330212		86200
-4.109048444069784	0.9999156257429368		86400
-4.106986056208835	0.9999085139522617		86600
-4.104923668347885	0.9998110334433872		86800
-4.102861280486936	0.9999802132139164		87000
-4.100798892625986	0.9997946395634865		87200
-4.098736504765037	0.9999370691687378		87400
-4.096674116904087	0.9998811166800523		87600
-4.094611729043137	0.9998362384642475		87800
-4.092549341182187	0.9999636042242808		88000
-4.090486953321238	0.9997972500216518		88200
-4.088424565460289	0.9999493651973834		88400
-4.086362177599339	0.9998587651489133		88600
-4.08429978973839	0.9998617980745975		88800
-4.08223740187744	0.9999446997293425		89000
-4.080175014016491	0.999802767891713		89200
-4.078112626155541	0.9999596846410373		89400
-4.076050238294592	0.999834734248684		89600
-4.073987850433642	0.9998917290055346		89800
-4.071925462572692	0.9999183709358423		90000
-4.069863074711742	0.9998174636817041		90200
-4.067800686850793	0.9999624828452832		90400
-4.065738298989843	0.999816096393416		90600
-4.063675911128894	0.9999206462681477		90800
-4.061613523267944	0.999889036344492		91000
-4.059551135406995	0.9998375220277664		91200
-4.057488747546045	0.999957820797323		91400
-4.055426359685096	0.999804565728624		91600
-4.053363971824146	0.9999438801907465		91800
-4.051301583963197	0.9998626834740164		92000
-4.049239196102246	0.9998580677086151		92200
-4.047176808241297	0.9999501078975241		92400
-4.045114420380347	0.9997964054991931		92600
-4.043052032519398	0.9999651900004578		92800
-4.040989644658448	0.9998342264419257		93000
-4.038927256797499	0.999884577572653		93200
-4.036864868936549	0.9999328801293406		93400
-4.0348024810756	0.999799925281417		93600
-4.03274009321465	0.9999749644934905		93800
-4.030677705353701	0.9998155654188693		94000
-4.028615317492751	0.999905403625322		94200
-4.026552929631801	0.9999163483307053		94400
-4.024490541770852	0.9998064350704657		94600
-4.022428153909902	0.9999804886536712		94800
-4.020365766048953	0.9997990726633686		95000
-4.018303378188003	0.9999284735466951		95200
-4.016240990327054	0.999893746629939		95400
-4.014178602466104	0.9998225231973666		95600
-4.012116214605155	0.9999753869269379		95800
-4.010053826744205	0.9997920350511533		96000
-4.007991438883256	0.9999451681961141		96200
-4.005929051022306	0.9998719349773197		96400
-4.003866663161356	0.9998433868931486		96600
-4.001804275300406	0.9999621153994889		96800
-3.999741887439457	0.9997941550385423		97000
-3.997679499578507	0.9999559731465084		97200
-3.995617111717558	0.9998520647171136		97400
-3.993554723856608	0.9998660478208391		97600
-3.991492335995659	0.9999445218266028		97800
-3.989429948134709	0.9998001008572321		98000
-3.98736756027376	0.9999645720940992		98200
-3.98530517241281	0.9998308648291488		98400
-3.983242784551861	0.9998944279476285		98600
-3.981180396690911	0.9999175582861918		98800
-3.979118008829961	0.9998176914167973		99000
-3.977055620969012	0.9999616708011935		99200
-3.974993233108062	0.999817858536065		99400
-3.972930845247113	0.999918038953168		99600
-3.970868457386163	0.9998916920715699		99800
-3.968806069525213	0.9998359339376273		100000
-3.966743681664264	0.9999579590473848		100200
-3.964681293803314	0.9998054088597437		100400
-3.962618905942365	0.9999428084651968		100600
-3.960556518081415	0.9998617867722015		100800
-3.958494130220465	0.9998611898997892		101000
-3.956431742359516	0.999944496251398		101200
-3.954369354498566	0.9998024429500142		101400
-3.952306966637617	0.9999609722107852		101600
-3.950244578776667	0.9998351220121668		101800
-3.948182190915718	0.9998877416500676		102000
-3.946119803054768	0.9999271778030523		102200
-3.944057415193818	0.9998053240738298		102400
-3.941995027332869	0.9999722489378277		102600
-3.939932639471919	0.9998135364524983		102800
-3.93787025161097	0.9999117426089043		103000
-3.93580786375002	0.9999084324601984		103200
-3.933745475889071	0.9998132449051924		103400
-3.931683088028121	0.9999785530399689		103600
-3.929620700167172	0.9997954251939302		103800
-3.927558312306222	0.9999370620308344		104000
-3.925495924445273	0.9998835521457758		104200
-3.923433536584323	0.9998309001798406		104400
-3.921371148723373	0.9999724301298836		104600
-3.919308760862424	0.999789085496864		104800
-3.917246373001474	0.9999531764520454		105000
-3.915183985140525	0.9998632437784641		105200
-3.913121597279575	0.999849111502003		105400
-3.911059209418625	0.9999626522675612		105600
-3.908996821557676	0.9997867995542378		105800
-3.906934433696726	0.9999677806830608		106000
-3.904872045835777	0.999839518173287		106200
-3.902809657974827	0.9998749723344393		106400
-3.900747270113877	0.9999417257374545		106600
-3.898684882252928	0.9997963991134905		106800
-3.896622494391978	0.999972215414422		107000
-3.894560106531029	0.9998221422081406		107200
-3.892497718670079	0.9998999645592125		107400
-3.89043533080913	0.9999163089414708		107600
-3.88837294294818	0.9998133253479354		107800
-3.88631055508723	0.999969120371492		108000
-3.884248167226281	0.9998095197816489		108200
-3.882185779365331	0.9999243620760008		108400
-3.880123391504382	0.9998886317013032		108600
-3.878061003643432	0.9998351732040717		108800
-3.875998615782482	0.999960939475986		109000
-3.873936227921533	0.9998006094167433		109200
-3.871873840060584	0.9999475305749129		109400
-3.869811452199634	0.9998574687096046		109600
-3.867749064338684	0.9998646734766351		109800
-3.865686676477735	0.9999423497229666		110000
-3.863624288616785	0.999803566304543		110200
-3.861561900755836	0.9999614644285842		110400
-3.859499512894886	0.9998327636450993		110600
-3.857437125033937	0.9998912008561923		110800
-3.855374737172987	0.9999233325614586		111000
-3.853312349312037	0.9998078364807843		111200
-3.851249961451088	0.9999733178621592		111400
-3.849187573590138	0.9998084834452519		111600
-3.847125185729189	0.9999211419915891		111800
-3.845062797868239	0.9998973312556434		112000
-3.843000410007289	0.9998229495681371		112200
-3.84093802214634	0.999973396351227		112400
-3.83887563428539	0.9997938083069117		112600
-3.836813246424441	0.9999446683781408		112800
-3.834750858563491	0.999872321943974		113000
-3.832688470702541	0.999841262296329		113200
-3.830626082841592	0.9999671626417205		113400
-3.828563694980642	0.9997866583604609		113600
-3.826501307119693	0.9999629280758713		113800
-3.824438919258743	0.9998486765040008		114000
-3.822376531397794	0.999862705512143		114200
-3.820314143536844	0.9999538425226064		114400
-3.818251755675894	0.9997867541187815		114600
-3.816189367814945	0.9999758086088197		114800
-3.814126979953996	0.9998259498925681		115000
-3.812064592093046	0.9998890232909983		115200
-3.810002204232096	0.9999315873897796		115400
-3.807939816371147	0.9997992337386873		115600
-3.805877428510197	0.9999763922210437		115800
-3.803815040649248	0.9998126429101061		116000
-3.801752652788298	0.9999104199846057		116200
-3.799690264927349	0.9999090336326235		116400
-3.797627877066399	0.9998151408295857		116600
-3.795565489205449	0.9999735695018563		116800
-3.7935031013445	0.999800962238388		117000
-3.79144071348355	0.9999342726063031		117200
-3.789378325622601	0.9998800029011631		117400
-3.787315937761651	0.9998406445340143		117600
-3.785253549900701	0.9999590840570068		117800
-3.783191162039752	0.9998000229598472		118000
-3.781128774178802	0.9999504491396828		118200
-3.779066386317853	0.9998545047825854		118400
-3.777003998456903	0.9998677325567371		118600
-3.774941610595953	0.999940339881611		118800
-3.772879222735004	0.9998042529318802		119000
-3.770816834874054	0.9999623864861931		119200
-3.768754447013105	0.9998299777158987		119400
-3.766692059152155	0.9998961276439345		119600
-3.764629671291206	0.9999173212967337		119800
-3.762567283430256	0.9998140901644169		120000
-3.760504895569306	0.9999691956233443		120200
-3.758442507708357	0.9998087885905675		120400
-3.756380119847407	0.9999253475120363		120600
-3.754317731986458	0.999889008151515		120800
-3.752255344125508	0.9998324395574806		121000
-3.750192956264559	0.9999654499629801		121200
-3.748130568403609	0.9997972119669088		121400
-3.74606818054266	0.9999469595588136		121600
-3.74400579268171	0.9998651388832411		121800
-3.74194340482076	0.9998505837050237		122000
-3.739881016959811	0.9999593326183285		122200
-3.737818629098861	0.9997892476217825		122400
-3.735756241237912	0.9999668673984237		122600
-3.733693853376962	0.9998385837828697		122800
-3.731631465516013	0.9998757813102856		123000
-3.729569077655063	0.9999423780313181		123200
-3.727506689794113	0.9997935286740545		123400
-3.725444301933164	0.9999761309141725		123600
-3.723381914072214	0.9998197334073784		123800
-3.721319526211265	0.9998984572589834		124000
-3.719257138350315	0.9999232735846022		124200
-3.717194750489365	0.9998031787231506		124400
-3.715132362628416	0.9999789497904003		124600
-3.713069974767466	0.9998052220413074		124800
-3.711007586906517	0.9999207582924998		125000
-3.708945199045567	0.9999002851218901		125200
-3.706882811184617	0.9998201636241814		125400
-3.704820423323668	0.9999740085822048		125600
-3.702758035462718	0.9997962781972416		125800
-3.700695647601769	0.9999413125202047		126000
-3.698633259743481	0.999873829938439		126200
-3.696570871890746	0.999844563190659		126400
-3.69450848403801	0.9999588836684382		126600
-3.692446096185275	0.9997976144576799		126800
-3.690383708332539	0.9999542030009492		127000
-3.688321320479804	0.9998511916775426		127200
-3.686258932627068	0.9998690755587014		127400
-3.684196544774333	0.9999409258903619		127600
-3.682134156921598	0.9998017161767687		127800
-3.680071769068862	0.9999656974424143		128000
-3.678009381216127	0.9998265053154715		128200
-3.675946993363391	0.9998995023887427		128400
-3.673884605510656	0.9999140110686564		128600
-3.67182221765792	0.9998170117819793		128800
-3.669759829805185	0.9999665149482182		129000
-3.667697441952449	0.999810221864093		129200
-3.665635054099714	0.9999250738340879		129400
-3.663572666246978	0.9998877050271752		129600
-3.661510278394243	0.9998347927626257		129800
-3.659447890541507	0.9999633658533523		130000
-3.657385502688772	0.9997977816902726		130200
-3.655323114836036	0.9999492838078402		130400
-3.653260726983301	0.9998598052845803		130600
-3.651198339130565	0.9998575284434443		130800
-3.64913595127783	0.9999529178885028		131000
-3.647073563425094	0.9997927142256902		131200
-3.645011175572359	0.9999681923594006		131400
-3.642948787719623	0.9998330902972073		131600
-3.640886399866888	0.9998840871066963		131800
-3.638824012014152	0.9999346787663188		132000
-3.636761624161417	0.9997978255762925		132200
-3.634699236308681	0.9999771628696451		132400
-3.632636848455946	0.999813818677487		132600
-3.63057446060321	0.999907073122195		132800
-3.628512072750475	0.9999156702721783		133000
-3.626449684897739	0.9998066483271393		133200
-3.624387297045004	0.9999817679779881		133400
-3.622324909192268	0.9997965604709547		133600
-3.620262521339533	0.9999322601674293		133800
-3.618200133486797	0.9998893028594472		134000
-3.616137745634062	0.9998266892854042		134200
-3.614075357781326	0.9999732797515219		134400
-3.612012969928591	0.9997912530400933		134600
-3.609950582075856	0.9999493208038932		134800
-3.60788819422312	0.999865884495629		135000
-3.605825806370385	0.9998487006227762		135200
-3.603763418517649	0.9999596748707483		135400
-3.601701030664914	0.9997912399208301		135600
-3.599638642812178	0.999963317889899		135800
-3.597576254959443	0.9998416107505484		136000
-3.595513867106707	0.9998758005628592		136200
-3.593451479253972	0.9999384372930483		136400
-3.591389091401236	0.9997997308616172		136600
-3.589326703548501	0.9999705327629235		136800
-3.587264315695765	0.9998203352621801		137000
-3.58520192784303	0.999904430726071		137200
-3.583139539990295	0.9999110338298186		137400
-3.581077152137559	0.9998173057401109		137600
-3.579014764284824	0.9999685277437423		137800
-3.576952376432088	0.9998067791919489		138000
-3.574889988579353	0.9999292529569163		138200
-3.572827600726617	0.99988394631237		138400
-3.570765212873882	0.999837320243797		138600
-3.568702825021146	0.999962708171465		138800
-3.566640437168411	0.9997958687295232		139000
-3.564578049315675	0.9999538855103302		139200
-3.56251566146294	0.9998531578339618		139400
-3.560453273610204	0.9998653123415135		139600
-3.558390885757469	0.9999461989851041		139800
-3.556328497904734	0.9997967130381136		140000
-3.554266110051998	0.9999683193849974		140200
-3.552203722199263	0.9998287008966108		140400
-3.550141334346527	0.999891066591676		140600
-3.548078946493792	0.99992752534148		140800
-3.546016558641056	0.9998018455928366		141000
-3.543954170788321	0.9999783735251068		141200
-3.541891782935585	0.999806695796054		141400
-3.53982939508285	0.9999183436774185		141600
-3.537767007230114	0.9999033346485613		141800
-3.535704619377379	0.9998155863142991		142000
-3.533642231524643	0.9999786090304218		142200
-3.531579843671908	0.9997923406559743		142400
-3.529517455819172	0.9999419007141497		142600
-3.527455067966437	0.9998774573208506		142800
-3.525392680113701	0.999836168802959		143000
-3.523330292260966	0.9999695009931855		143200
-3.52126790440823	0.9997878859354531		143400
-3.519205516555495	0.9999582842160963		143600
-3.517143128702759	0.9998545058472306		143800
-3.515080740850024	0.9998581265370543		144000
-3.513018352997288	0.999955526387577		144200
-3.510955965144553	0.9997888322827958		144400
-3.508893577291818	0.9999716201060155		144600
-3.506831189439082	0.999830543663295		144800
-3.504768801586347	0.9998865132785534		145000
-3.502706413733611	0.9999313481015356		145200
-3.500644025880876	0.9998019008681399		145400
-3.49858163802814	0.9999731911298286		145600
-3.496519250175405	0.999814986053184		145800
-3.494456862322669	0.9999105708972031		146000
-3.492394474469934	0.9999069962666097		146200
-3.490332086617198	0.9998187239685634		146400
-3.488269698764463	0.9999707775007604		146600
-3.486207310911727	0.9998020693277387		146800
-3.484144923058992	0.9999356359747835		147000
-3.482082535206256	0.9998773856530236		147200
-3.480020147353521	0.9998429114580996		147400
-3.477957759500785	0.9999591309916237		147600
-3.47589537164805	0.9997971011408238		147800
-3.473832983795314	0.9999554794761085		148000
-3.471770595942579	0.9998493956126924		148200
-3.469708208089843	0.9998706389159028		148400
-3.467645820237108	0.9999406890117537		148600
-3.465583432384372	0.9998004481155658		148800
-3.463521044531637	0.9999675082292063		149000
-3.461458656678901	0.9998256941904093		149200
-3.459396268826166	0.999897143341013		149400
-3.457333880973431	0.9999203607489896		149600
-3.455271493120695	0.9998077753265781		149800
-3.45320910526796	0.9999761011485742		150000
-3.451146717415224	0.9998040457853226		150200
-3.449084329562489	0.9999255308145114		150400
-3.447021941709753	0.9998933518065712		150600
-3.444959553857018	0.9998253408910169		150800
-3.442897166004282	0.9999724345301098		151000
-3.440834778151547	0.9997933391273301		151200
-3.438772390298811	0.9999465979907004		151400
-3.436710002446076	0.9998695830819501		151600
-3.434647614593341	0.9998442653115907		151800
-3.432585226740605	0.9999649806930658		152000
-3.43052283888787	0.9997868793250502		152200
-3.428460451035134	0.999965202389836		152400
-3.426398063182399	0.9998440681398729		152600
-3.424335675329663	0.9998690902366222		152800
-3.422273287476928	0.999948227229151		153000
-3.420210899624192	0.9997909755009736		153200
-3.418148511771457	0.9999754062581799		153400
-3.416086123918721	0.9998231013789937		153600
-3.414023736065986	0.999894544787742		153800
-3.41196134821325	0.9999257841590621		154000
-3.409898960360515	0.9998033058182203		154200
-3.407836572507779	0.9999766039230421		154400
-3.405774184655044	0.9998085891974117		154600
-3.403711796802309	0.9999179928414328		154800
-3.401649408949573	0.9999011136573351		155000
-3.399587021096838	0.9998209370123068		155200
-3.397524633244102	0.9999721821579886		155400
-3.395462245391367	0.999797259916765		155600
-3.393399857538631	0.9999417836376191		155800
-3.391337469685896	0.9998715540753569		156000
-3.38927508183316	0.9998472320635984		156200
-3.387212693980425	0.9999570813090649		156400
-3.385150306127689	0.9997968957558684		156600
-3.383087918274954	0.999956926250317		156800
-3.381025530422218	0.9998468054467465		157000
-3.378963142569483	0.9998727168311347		157200
-3.376900754716747	0.9999394938448881		157400
-3.374838366864012	0.9998000956857085		157600
-3.372775979011276	0.9999697923179989		157800
-3.370713591158541	0.9998218918361728		158000
-3.368651203305805	0.9999023897198238		158200
-3.36658881545307	0.9999144081177004		158400
-3.364526427600334	0.9998128429967438		158600
-3.362464039747599	0.9999730030289499		158800
-3.360401651894863	0.9998037545555049		159000
-3.358339264042128	0.9999292125049172		159200
-3.356276876189392	0.9998876872597401		159400
-3.354214488336657	0.9998310282293313		159600
-3.352152100483921	0.9999693807306979		159800
-3.350089712631186	0.9997923394405301		160000
-3.34802732477845	0.9999516965493054		160200
-3.345964936925715	0.9998616813640721		160400
-3.343902549072979	0.9998521793552931		160600
-3.341840161220244	0.9999599296234549		160800
-3.339777773367508	0.999787019028173		161000
-3.337715385514773	0.9999705875523065		161200
-3.335652997662038	0.9998347709802241		161400
-3.333590609809302	0.9998793379052398		161600
-3.331528221956567	0.9999401125706349		161800
-3.329465834103831	0.9997938244468196		162000
-3.327403446251096	0.9999779177771622		162200
-3.32534105839836	0.9998160417130944		162400
-3.323278670545625	0.9999030405115342		162600
-3.321216282692889	0.9999192143292349		162800
-3.319153894840154	0.9998049177806657		163000
-3.317091506987418	0.9999805358157284		163200
-3.315029119134683	0.9997995993041493		163400
-3.312966731281947	0.9999285390721331		163600
-3.310904343429212	0.9998917946515726		163800
-3.308841955576477	0.9998259475096741		164000
-3.306779567723741	0.9999723440339655		164200
-3.304717179871006	0.9997927320265032		164400
-3.30265479201827	0.9999483679115373		164600
-3.300592404165535	0.9998652035163121		164800
-3.298530016312799	0.9998508129137097		165000
-3.296467628460064	0.9999568440646546		165200
-3.294405240607328	0.9997934583584351		165400
-3.292342852754593	0.9999628537540255		165600
-3.290280464901857	0.9998402363522274		165800
-3.288218077049122	0.9998783366527585		166000
-3.286155689196387	0.999936402792008		166200
-3.284093301343651	0.9998000592384101		166400
-3.282030913490916	0.9999728505612333		166600
-3.27996852563818	0.9998165181080626		166800
-3.277906137785445	0.9999085886107653		167000
-3.275843749932709	0.9999087207522819		167200
-3.273781362079974	0.9998169157620184		167400
-3.271718974227238	0.9999718300647062		167600
-3.269656586374503	0.9998020811335233		167800
-3.267594198521767	0.9999333653352873		168000
-3.265531810669032	0.9998823047673234		168200
-3.263469422816296	0.9998358401314112		168400
-3.261407034963561	0.9999668062960232		168600
-3.259344647110825	0.9997910136689567		168800
-3.25728225925809	0.9999573635416238		169000
-3.255219871405354	0.9998527668622921		169200
-3.253157483552619	0.9998621260187622		169400
-3.251095095699883	0.9999516929528499		169600
-3.249032707847148	0.9997907901790782		169800
-3.246970319994412	0.9999721034749981		170000
-3.244907932141677	0.9998281746844467		170200
-3.242845544288941	0.9998882507924429		170400
-3.240783156436206	0.9999322106127213		170600
-3.23872076858347	0.9997975515791366		170800
-3.236658380730735	0.9999802237307309		171000
-3.234595992877999	0.9998082157819188		171200
-3.232533605025264	0.9999138262350697		171400
-3.230471217172528	0.999908898178967		171600
-3.228408829319793	0.9998110828008421		171800
-3.226346441467058	0.9999804675130216		172000
-3.224284053614322	0.9997936251072391		172200
-3.222221665761587	0.9999388131798139		172400
-3.220159277908851	0.9998812158052136		172600
-3.218096890056116	0.9998338674478274		172800
-3.21603450220338	0.9999697363231913		173000
-3.213972114350645	0.9997899072549589		173200
-3.211909726497909	0.9999552414677301		173400
-3.209847338645174	0.9998572438663699		173600
-3.207784950792438	0.9998570829394732		173800
-3.205722562939703	0.9999549245500993		174000
-3.203660175086967	0.9997909583893633		174200
-3.201597787234232	0.9999695789968086		174400
-3.199535399381496	0.9998318166181981		174600
-3.197473011528761	0.999886708156924		174800
-3.195410623676025	0.9999302946093509		175000
-3.19334823582329	0.9998028532615193		175200
-3.191285847970554	0.9999734404649103		175400
-3.189223460117819	0.9998132754829758		175600
-3.187161072265084	0.9999134525443992		175800
-3.185098684412348	0.9999042795105246		176000
-3.183036296559613	0.9998199301172116		176200
-3.180973908706877	0.9999713438293121		176400
-3.178911520854142	0.9997996779256367		176600
-3.176849133001406	0.9999382333266624		176800
-3.174786745148671	0.9998758819727483		177000
-3.172724357295935	0.9998420139807391		177200
-3.1706619694432	0.9999626146117738		177400
-3.168599581590464	0.9997920662912319		177600
-3.166537193737729	0.9999600983739353		177800
-3.164474805884993	0.9998468760817772		178000
-3.162412418032258	0.9998696560901335		178200
-3.160350030179523	0.9999445910856162		178400
-3.158287642326787	0.9997950197549084		178600
-3.156225254474052	0.9999721523913909		178800
-3.154162866621316	0.9998239504603743		179000
-3.152100478768581	0.9998953667604883		179200
-3.150038090915845	0.9999251485496083		179400
-3.14797570306311	0.9998020947557209		179600
-3.145913315210374	0.9999805017204245		179800
-3.143850927357639	0.9998026940509291		180000
-3.141788539504903	0.9999232584336051		180200
-3.139726151652168	0.9998984413497418		180400
-3.137663763799432	0.9998194886630162		180600
-3.135601375946697	0.9999771480218299		180800
-3.133538988093961	0.9997916845147364		181000
-3.131476600241226	0.9999451764093696		181200
-3.12941421238849	0.9998732301436851		181400
-3.127351824535755	0.9998403349481935		181600
-3.12528943668302	0.9999672298522859		181800
-3.123227048830284	0.9997872182192961		182000
-3.121164660977549	0.9999624925307676		182200
-3.119102273124813	0.9998480225381875		182400
-3.117039885272078	0.9998655795247129		182600
-3.114977497419342	0.9999500487368638		182800
-3.112915109566607	0.9997908137717531		183000
-3.110852721713871	0.9999740805666862		183200
-3.108790333861136	0.9998243935079781		183400
-3.1067279460084	0.9998938583710069		183600
-3.104665558155665	0.9999253401935478		183800
-3.102603170302929	0.9998042350424058		184000
-3.100540782450194	0.9999756559905125		184200
-3.098478394597458	0.9998086869180597		184400
-3.096416006744723	0.9999185631448493		184600
-3.094353618891987	0.9998999285256858		184800
-3.092291231039252	0.9998216695245817		185000
-3.090228843186516	0.9999723707771183		185200
-3.088166455333781	0.999795656894825		185400
-3.086104067481045	0.999944101811251		185600
-3.08404167962831	0.9998694013975193		185800
-3.081979291775574	0.999847790040962		186000
-3.079916903922839	0.9999586696609053		186200
-3.077854516070103	0.9997932533261268		186400
-3.075792128217368	0.9999615818579796		186600
-3.073729740364632	0.9998429664791453		186800
-3.071667352511897	0.9998742844285059		187000
-3.069604964659161	0.9999408205700722		187200
-3.067542576806426	0.9997963625957338		187400
-3.06548018895369	0.9999743851350839		187600
-3.063417801100955	0.9998185730442088		187800
-3.06135541324822	0.9999027818739974		188000
-3.059293025395484	0.9999175825234821		188200
-3.057230637542749	0.9998072964123795		188400
-3.055168249690013	0.9999790021289071		188600
-3.053105861837278	0.9997996692934586		188800
-3.051043473984542	0.9999300734600369		189000
-3.048981086131807	0.9998901424859223		189200
-3.046918698279071	0.9998266503309868		189400
-3.044856310426336	0.9999736662849197		189600
-3.0427939225736	0.9997898260144713		189800
-3.040731534720865	0.999951326186254		190000
-3.03866914686813	0.9998645675425177		190200
-3.036606759015394	0.9998477077220028		190400
-3.034544371162659	0.9999638005561566		190600
-3.032481983309923	0.9997849572336827		190800
-3.030419595457188	0.9999698340103377		191000
-3.028357207604452	0.9998375470450958		191200
-3.026294819751717	0.9998755438773469		191400
-3.024232431898981	0.999943161920548		191600
-3.022170044046246	0.9997922857827183		191800
-3.02010765619351	0.9999775035631521		192000
-3.018045268340775	0.999817577869977		192200
-3.015982880488039	0.9999012809409565		192400
-3.013920492635304	0.999920145690518		192600
-3.011858104782569	0.999805255210604		192800
-3.009795716929833	0.9999792003163307		193000
-3.007733329077098	0.9998013428315543		193200
-3.005670941224362	0.9999272945419612		193400
-3.003608553371627	0.9998923070093519		193600
-3.001546165518891	0.999826138409873		193800
-2.999483777666156	0.9999722110235033		194000
-2.99742138981342	0.9997921903219807		194200
-2.995359001960685	0.9999500581643407		194400
-2.993296614107949	0.9998630048237525		194600
-2.991234226255214	0.9998529141284231		194800
-2.989171838402478	0.9999562645580177		195000
-2.987109450549743	0.9997925942566783		195200
-2.985047062697007	0.9999651717676107		195400
-2.982984674844272	0.9998377892640807		195600
-2.980922286991536	0.9998799245530426		195800
-2.978859899138801	0.9999366515841459		196000
-2.976797511286065	0.9997978324255399		196200
-2.97473512343333	0.9999763648689522		196400
-2.972672735580594	0.9998130830500809		196600
-2.970610347727859	0.9999105480764047		196800
-2.968547959875123	0.9999093992053976		197000
-2.966485572022388	0.9998136159997144		197200
-2.964423184169652	0.9999764972702168		197400
-2.962360796316917	0.9997977552590978		197600
-2.960298408464181	0.9999356223130222		197800
-2.958236020611446	0.9998829150379176		198000
-2.95617363275871	0.9998327048315215		198200
-2.954111244905975	0.9999709503338762		198400
-2.952048857053239	0.9997877100977063		198600
-2.949986469200504	0.9999581726243264		198800
-2.947924081347769	0.9998548987233029		199000
-2.945861693495033	0.9998576362255218		199200
-2.943799305642298	0.9999568390803657		199400
-2.941736917789562	0.9997868044646482		199600
-2.939674529936827	0.9999736897217124		199800
-2.937612142084091	0.9998295352182134		200000
-2.935549754231356	0.9998850204347954		200200
-2.93348736637862	0.9999357356875745		200400
-2.931424978525885	0.9997954157531203		200600
-2.929362590673149	0.9999801434088997		200800
-2.927300202820414	0.9998105008767565		201000
-2.925237814967678	0.9999105313950325		201200
-2.923175427114943	0.9999122546072483		201400
-2.921113039262207	0.9998092231611183		201600
-2.919050651409472	0.9999808154353208		201800
-2.916988263556736	0.9997949767423904		202000
-2.914925875704001	0.9999367302812994		202200
-2.912863487851266	0.9998830245913995		202400
-2.91080109999853	0.9998329444040154		202600
-2.908738712145795	0.9999697074731743		202800
-2.906676324293059	0.9997903661379605		203000
-2.904613936440324	0.9999551606827344		203200
-2.902551548587588	0.9998569322375218		203400
-2.900489160734853	0.999857898235138		203600
-2.898426772882117	0.9999541859234277		203800
-2.896364385029382	0.9997911351169997		204000
-2.894301997176646	0.999969976762034		204200
-2.892239609323911	0.9998308056744954		204400
-2.890177221471176	0.9998872714045329		204600
-2.88811483361844	0.9999306346282645		204800
-2.886052445765705	0.9998010682344228		205000
-2.883990057912969	0.9999765760592161		205200
-2.881927670060234	0.9998096339732897		205400
-2.879865282207498	0.9999161796737276		205600
-2.877802894354763	0.999903253325257		205800
-2.875740506502027	0.9998184380390813		206000
-2.873678118649292	0.9999745763234499		206200
-2.871615730796556	0.9997959373236092		206400
-2.869553342943821	0.999940733974654		206600
-2.867490955091085	0.9998760544037142		206800
-2.86542856723835	0.9998392137806867		207000
-2.863366179385614	0.9999671616303754		207200
-2.861303791532879	0.9997874115397511		207400
-2.859241403680143	0.9999630234103277		207600
-2.857179015827408	0.9998467261865793		207800
-2.855116627974672	0.9998669407806565		208000
-2.853054240121937	0.9999492708754527		208200
-2.850991852269201	0.9997904522765013		208400
-2.848929464416466	0.9999751252318467		208600
-2.846867076563731	0.999823832727848		208800
-2.844804688710995	0.9998929514331085		209000
-2.84274230085826	0.9999289062138972		209200
-2.840679913005524	0.9997985182127345		209400
-2.838617525152789	0.9999822522480343		209600
-2.836555137300053	0.9998034631290091		209800
-2.834492749447318	0.9999202386949528		210000
-2.832430361594582	0.9999026793363526		210200
-2.830367973741847	0.9998156469461595		210400
-2.828305585889111	0.9999792771997825		210600
-2.826243198036376	0.999791446056749		210800
-2.82418081018364	0.9999436793912447		211000
-2.822118422330905	0.9998750847705863		211200
-2.820056034478169	0.9998387544684699		211400
-2.817993646625434	0.9999676505333477		211600
-2.815931258772698	0.9997877563606706		211800
-2.813868870919963	0.9999611573789726		212000
-2.811806483067227	0.9998493857082718		212200
-2.809744095214492	0.9998643625711848		212400
-2.807681707361756	0.9999506909733346		212600
-2.805619319509021	0.9997903444950347		212800
-2.803556931656285	0.9999743803331547		213000
-2.80149454380355	0.999823788746769		213200
-2.799432155950814	0.9998944585604806		213400
-2.797369768098079	0.9999249005516133		213600
-2.795307380245343	0.9998039436688648		213800
-2.793244992392608	0.9999770474906241		214000
-2.791182604539872	0.9998064107612723		214200
-2.789120216687137	0.9999208436124508		214400
-2.787057828834402	0.9998986185838445		214600
-2.784995440981666	0.9998211940315417		214800
-2.782933053128931	0.9999745247492872		215000
-2.780870665276195	0.9997928063236831		215200
-2.77880827742346	0.9999466956267254		215400
-2.776745889570724	0.9998686493222256		215600
-2.774683501717989	0.9998463621031326		215800
-2.772621113865253	0.9999622854901946		216000
-2.770558726012518	0.9997885815407151		216200
-2.768496338159782	0.9999656414554967		216400
-2.766433950307047	0.9998409008419183		216600
-2.764371562454312	0.9998737132631983		216800
-2.762309174601576	0.9999437792641926		217000
-2.760246786748841	0.9997925789991406		217200
-2.758184398896105	0.999977447435648		217400
-2.75612201104337	0.9998175942605672		217600
-2.754059623190634	0.9999009929810765		217800
-2.751997235337899	0.9999212704861675		218000
-2.749934847485163	0.9998026341051953		218200
-2.747872459632428	0.9999827571178945		218400
-2.745810071779692	0.9997979929892435		218600
-2.743747683926957	0.9999291181663894		218800
-2.741685296074221	0.9998931156951765		219000
-2.739622908221486	0.9998228954676159		219200
-2.737560520368751	0.9999763855791975		219400
-2.735498132516015	0.9997888167229014		219600
-2.73343574466328	0.9999501629918309		219800
-2.731373356810544	0.9998669526251713		220000
-2.729310968957809	0.9998451794506196		220200
-2.727248581105073	0.9999655394219555		220400
-2.725186193252338	0.999784776172515		220600
-2.723123805399602	0.9999687092769841		220800
-2.721061417546867	0.9998395844483378		221000
-2.718999029694131	0.9998734184339135		221200
-2.716936641841396	0.9999447848351286		221400
-2.71487425398866	0.9997915413835041		221600
-2.712811866135925	0.9999778397962981		221800
-2.710749478283189	0.99981750750675		222000
-2.708687090430454	0.9999016155697854		222200
-2.706624702577718	0.9999197823291032		222400
-2.704562314724983	0.9998057437518557		222600
-2.702499926872247	0.9999791113833318		222800
-2.700437539019512	0.999801119984887		223000
-2.698375151166776	0.9999278267092209		223200
-2.696312763314041	0.9998919341554096		223400
-2.694250375461305	0.9998260270843395		223600
-2.69218798760857	0.999973396215335		223800
-2.690125599755834	0.9997901691047283		224000
-2.688063211903099	0.9999525692247616		224200
-2.686000824050363	0.9998611578343221		224400
-2.683938436197628	0.9998531575131601		224600
-2.681876048344892	0.9999577797844399		224800
-2.679813660492157	0.9997895842600498		225000
-2.677751272639421	0.999968317393763		225200
-2.675688884786686	0.9998357117350113		225400
-2.67362649693395	0.9998800743960651		225600
-2.671564109081215	0.999938623656477		225800
-2.66950172122848	0.9997944885720813		226000
-2.667439333375744	0.9999797343698008		226200
-2.665376945523009	0.9998109845228766		226400
-2.663314557670273	0.9999101300367862		226600
-2.661252169817538	0.9999122256534034		226800
-2.659189781964802	0.9998092394593154		227000
-2.657127394112067	0.9999808216323591		227200
-2.655065006259331	0.9997951153330903		227400
-2.653002618406596	0.9999359192041042		227600
-2.65094023055386	0.9998849164170946		227800
-2.648877842701125	0.999829557177877		228000
-2.646815454848389	0.9999739286787686		228200
-2.644753066995654	0.9997861910099199		228400
-2.642690679142918	0.9999575392476124		228600
-2.640628291290183	0.9998576026954841		228800
-2.638565903437448	0.999853957753305		229000
-2.636503515584712	0.9999604939325909		229200
-2.634441127731977	0.9997847738413457		229400
-2.632378739879241	0.9999739007091913		229600
-2.630316352026506	0.9998309296888219		229800
-2.62825396417377	0.9998828678935694		230000
-2.626191576321035	0.9999377354286821		230200
-2.624129188468299	0.999794292614005		230400
-2.622066800615564	0.999980256486676		230600
496382891422752	1.037459747036307		11.93
-2.511023927145426	1.037437767175257		11.94
-2.525664962868101	1.037415785118491		11.95
-2.540305998590775	1.037393801592893		11.96
-2.554947034313449	1.037371817438009		11.97
-2.569588070036124	1.037349833600624		11.98
-2.584229105758798	1.037327851134728		11.99
-2.598870141481472	1.037305871196674		12
-2.613511177204146	1.037283895041064		12.01
-2.628152212926821	1.037261924014824		12.02
-2.642793248649495	1.037239959554045		12.03
-2.657434284372169	1.037218003175529		12.04
-2.672075320094843	1.037196056474014		12.05
-2.686716355817517	1.037174121114674		12.06
-2.701357391540191	1.037152198826545		12.07
-2.715998427262865	1.037130291395457		12.08
-2.730639462985539	1.037108400659766		12.09
-2.745280498708213	1.037086528497295		12.1
-2.759921534430887	1.0370646768214		12.11
-2.774562570153561	1.037042847573734		12.12
-2.789203605876235	1.03702104271833		12.13
-2.803844641598909	1.036999264226866		12.14
-2.818485677321583	1.036977514077425		12.15
-2.833126713044257	1.036955794245237		12.16
-2.84776774876693	1.036934106693753		12.17
-2.862408784489605	1.036912453366978		12.18
-2.877049820212279	1.036890836181269		12.19
-2.891690855934952	1.036869257019256		12.2
-2.906331891657626	1.03684771772107		12.21
-2.9209729273803	1.036826220079077		12.22
-2.935613963102974	1.03680476583035		12.23
-2.950254998825648	1.036783356649106		12.24
-2.964896034548322	1.036761994140802		12.25
-2.979537070270996	1.036740679837304		12.26
-2.99417810599367	1.036719415188987		12.27
-3.008819141716344	1.036698201560187		12.28
-3.023460177439018	1.036677040224724		12.29
-3.038101213161692	1.036655932363681		12.3
-3.052742248884366	1.036634879056296		12.31
-3.06738328460704	1.036613881279021		12.32
-3.082024320329714	1.036592939903829		12.33
-3.096665356052387	1.036572055694958		12.34
-3.111306391775062	1.036551229303947		12.35
-3.125947427497735	1.036530461271624		12.36
-3.140588463220409	1.03650975202587		12.37
-3.155229498943084	1.03648910188031		12.38
-3.169870534665757	1.036468511033828		12.39
-3.184511570388431	1.036447979570791		12.4
-3.199152606111105	1.036427507463441		12.41
-3.213793641833779	1.036407094572322		12.42
-3.228434677556453	1.03638674064588		12.43
-3.243075713279127	1.036366445325861		12.44
-3.257716749001801	1.036346208147692		12.45
-3.272357784724475	1.036326028545703		12.46
-3.286998820447149	1.036305905855571		12.47
-3.301639856169823	1.036285839316772		12.48
-3.316280891892497	1.036265828079663		12.49
-3.33092192761517	1.036245871208625		12.5
-3.345562963337845	1.036225967684895		12.51
-3.360203999060519	1.036206116415771		12.52
-3.374845034783192	1.036186316236331		12.53
-3.389486070505867	1.036166565916333		12.54
-3.404127106228541	1.036146864167737		12.55
-3.418768141951214	1.036127209650103		12.56
-3.433409177673889	1.036107600975563		12.57
-3.448050213396562	1.036088036715415		12.58
-3.462691249119236	1.036068515407765		12.59
-3.47733228484191	1.0360490355632		12.6
-3.491973320564584	1.03602959567127		12.61
-3.506614356287258	1.036010194206245		12.62
-3.521255392009932	1.035990829634344		12.63
-3.535896427732606	1.035971500419655		12.64
-3.55053746345528	1.035952205029667		12.65
-3.565178499177954	1.035932941943269		12.66
-3.579819534900628	1.035913709654499		12.67
-3.594460570623302	1.035894506679		12.68
-3.609101606345975	1.035875331561042		12.69
-3.62374264206865	1.035856182876009		12.7
-3.638383677791323	1.035837059237054		12.71
-3.653024713513997	1.035817959299402		12.72
-3.667665749236672	1.035798881765934		12.73
-3.682306784959345	1.035779825389375		12.74
-3.696947820682019	1.035760788976949		12.75
-3.711588856404693	1.035741771394075		12.76
-3.726229892127367	1.035722771566959		12.77
-3.740870927850041	1.035703788485372		12.78
-3.755511963572715	1.035684821205354		12.79
-3.770152999295389	1.035665868850471		12.8
-3.784794035018063	1.035646930612831		12.81
-3.799435070740737	1.035628005755598		12.82
-3.814076106463411	1.035609093611968		12.83
-3.828717142186084	1.035590193588321		12.84
-3.843358177908758	1.035571305161778		12.85
-3.857999213631433	1.035552427879359		12.86
-3.872640249354106	1.035533561359915		12.87
-3.88728128507678	1.035514705290395		12.88
-3.901922320799454	1.035495859425289		12.89
-3.916563356522128	1.0354770235844		12.9
-3.931204392244802	1.035458197650827		12.91
-3.945845427967476	1.035439381568558		12.92
-3.96048646369015	1.035420575339989		12.93
-3.975127499412824	1.035401779023539		12.94
-3.989768535135498	1.035382992727449		12.95
-4.004409570858172	1.035364216609447		12.96
-4.019050606580846	1.035345450871662		12.97
-4.03369164230352	1.035326695756937		12.98
-4.048332678026194	1.035307951544373		12.99
-4.062973713748868	1.035289218543174		13
-4.077614749471541	1.035270497092001		13.01
-4.092255785194216	1.035251787554289		13.02
-4.10689682091689	1.035233090313183		13.03
-4.121537856639563	1.035214405765767		13.04
-4.136178892362238	1.035195734321023		13.05
-4.150819928084911	1.035177076392417		13.06
-4.165460963807585	1.035158432393845		13.07
-4.18010199953026	1.035139802739196		13.08
-4.194743035252933	1.035121187833238		13.09
-4.209384070975607	1.035102588072306		13.1
-4.224025106698281	1.035084003836671		13.11
-4.238666142420955	1.035065435488195		13.12
-4.253307178143629	1.035046883365325		13.13
-4.267948213866303	1.035028347781288		13.14
-4.282589249588977	1.035009829018996		13.15
-4.297230285311651	1.034991327332585		13.16
-4.311871321034324	1.034972842939434		13.17
-4.326512356756999	1.034954376020295		13.18
-4.341153392479673	1.034935926717477		13.19
-4.355794428202346	1.034917495132456		13.2
-4.370435463925021	1.034899081324193		13.21
-4.385076499647695	1.034880685305418		13.22
-4.399717535370368	1.034862307044921		13.23
-4.414358571093043	1.034843946464388		13.24
-4.428999606815716	1.034825603438394		13.25
-4.44364064253839	1.034807277797738		13.26
-4.458281678261065	1.034788969323859		13.27
-4.472922713983738	1.034770677751834		13.28
-4.487563749706412	1.034752402772122		13.29
-4.502204785429086	1.034734144031481		13.3
-4.51684582115176	1.034715901132462		13.31
-4.531486856874434	1.034697673635412		13.32
-4.546127892597108	1.034679461061417		13.33
-4.560768928319782	1.034661262891827		13.34
-4.575409964042456	1.034643078572352		13.35
-4.590050999765129	1.034624907514445		13.36
-4.604692035487804	1.03460674909832		13.37
-4.619333071210478	1.034588602675232		13.38
-4.633974106933151	1.034570467567709		13.39
-4.648615142655825	1.034552343077618		13.4
-4.663256178378499	1.034534228484712		13.41
-4.677897214101173	1.034516123052188		13.42
-4.692538249823848	1.034498026028788		13.43
-4.707179285546522	1.034479936652569		13.44
-4.721820321269195	1.034461854152569		13.45
-4.736461356991869	1.034443777754104		13.46
-4.751102392714543	1.034425706680037		13.47
-4.765743428437217	1.034407640155292		13.48
-4.780384464159891	1.034389577407942		13.49
-4.795025499882565	1.034371517674304		13.5
-4.809666535605238	1.034353460200721		13.51
-4.824307571327912	1.034335404246745		13.52
-4.838948607050587	1.034317349087313		13.53
-4.853589642773261	1.034299294013416		13.54
-4.868230678495935	1.034281238336619		13.55
-4.882871714218608	1.034263181390588		13.56
-4.897512749941282	1.034245122533205		13.57
-4.912153785663956	1.034227061147183		13.58
-4.926794821386631	1.034208996643126		13.59
-4.941435857109305	1.034190928459785		13.6
-4.956076892831978	1.034172856064917		13.61
-4.970717928554652	1.034154778957493		13.62
-4.985358964277326	1.034136696663829		13.63
-5	1.034118608742659		13.64
-5.014641035722674	1.03410051478356		13.65
-5	1.034082407387257		13.66
-4.985358964277326	1.034064293554185		13.67
